0 0 -200 0 0
200 200 200
754
0 0 0
-7 41 17
-5 41 16
-4 41 16
-4 41 15
-4 41 14
-4 41 13
-6 41 12
-6 43 12
-5 44 13
-5 45 14
-5 45 15
-5 45 16
-6 44 16
-7 43 16
-8 43 16
-8 45 16
-8 46 15
-8 46 14
-7 46 13
-7 45 12
-7 43 12
-8 43 11
-9 44 12
-10 45 12
-10 45 13
-10 45 14
-10 44 15
-9 43 16
-8 41 16
-10 41 16
-11 41 15
-11 41 14
-11 41 13
-11 41 12
-10 41 12
-8 41 11
-7 41 12
-8 40 11
-9 39 12
-10 38 12
-10 38 13
-10 38 14
-10 39 15
-9 40 16
-8 40 16
-8 38 16
-8 37 15
-8 36 14
-7 37 13
-7 38 12
-7 40 12
-6 40 12
-5 39 13
-5 38 14
-5 38 15
-5 38 16
-6 39 16
-7 40 16
10 41 16
11 41 15
11 41 14
11 41 13
11 41 12
10 41 12
8 41 11
8 43 11
9 44 12
10 45 12
10 45 13
10 45 14
10 44 15
9 43 16
8 43 16
8 45 16
8 46 15
8 46 14
7 46 13
7 45 12
7 43 12
6 43 12
5 44 13
5 45 14
5 45 15
5 45 16
6 44 16
7 43 16
8 41 16
7 41 17
5 41 16
4 41 16
4 41 15
4 41 14
4 41 13
6 41 12
7 41 12
6 40 12
5 39 13
5 38 14
5 38 15
5 38 16
6 39 16
7 40 16
8 40 16
8 38 16
8 37 15
8 36 14
7 37 13
7 38 12
7 40 12
8 40 11
9 39 12
10 38 12
10 38 13
10 38 14
10 39 15
9 40 16
0 42 11
3 41 11
6 39 11
11 37 11
13 35 11
13 33 11
1 36 30
4 35 29
5 34 29
6 33 29
6 31 28
3 40 15
6 38 15
10 37 15
12 35 15
12 33 15
4 33 31
4 31 31
2 33 33
2 31 33
2 29 33
4 29 31
4 24 14
8 26 14
12 31 15
2 25 27
5 26 27
6 29 28
4 26 11
9 27 11
13 31 11
6 30 27
11 32 14
4 30 29
2 30 31
0 30 31
0 30 31
2 30 31
4 30 29
6 30 27
11 31 14
5 31 25
10 33 20
3 31 27
1 31 29
1 29 29
3 29 27
5 29 25
10 31 14
6 36 16
10 35 16
4 36 17
2 36 17
0 28 17
2 28 17
4 28 17
6 28 16
10 31 16
-6 28 16
-4 28 17
-2 28 17
0 36 17
-2 36 17
-4 36 17
-10 35 16
-6 36 16
-10 31 14
-5 29 25
-3 29 27
-1 29 29
0 29 29
0 31 29
-1 31 29
-3 31 27
-10 33 20
-5 31 25
-11 31 14
-6 30 27
-4 30 29
-2 30 31
-2 30 31
-4 30 29
-11 32 14
-6 30 27
-13 31 11
-9 27 11
-4 26 11
0 25 11
-6 29 28
-5 26 27
-2 25 27
0 25 27
-12 31 15
-8 26 14
-4 24 14
0 24 14
-4 29 31
-2 29 33
0 29 33
0 31 33
0 33 34
-2 31 33
-2 33 33
-4 31 31
-4 33 31
-12 33 15
-12 35 15
-10 37 15
-6 38 15
-3 40 15
0 41 15
-6 31 28
-6 33 29
-5 34 29
-4 35 29
0 37 30
-1 36 30
-13 33 11
-13 35 11
-11 37 11
-6 39 11
-3 41 11
4 31 17
2 31 17
0 31 17
6 31 16
-10 31 16
-2 31 17
-4 31 17
-6 31 16
-22 -77 -5
-18 -77 -11
-11 -77 -11
-13 -87 -16
-6 -87 -9
-22 -87 -14
-6 -87 0
-6 -87 19
-8 -87 23
-11 -87 25
-17 -87 21
-27 -87 24
-31 -87 23
-32 -87 15
-38 -87 13
-40 -87 10
-37 -87 5
-25 -87 -8
-7 -77 -5
-11 -77 0
-18 -77 0
-13 -83 -16
-22 -83 -14
-6 -83 -9
-6 -83 0
-6 -83 19
-8 -81 23
-11 -81 25
-17 -83 21
-27 -81 24
-31 -81 23
-32 -83 15
-38 -81 13
-40 -81 10
-37 -83 5
-25 -83 -8
-15 -87 -7
-7 -45 -20
-7 -49 11
-17 -44 6
-23 -43 -5
-19 -43 -15
0 64 8
0 67 2
0 30 17
0 21 14
0 -43 18
0 10 18
0 -25 30
0 43 15
0 0 29
0 -22 -31
0 30 -20
0 3 -30
-14 3 -26
-16 -22 -27
-13 -42 -22
-16 -11 -27
-3 66 -7
-5 64 -9
-6 62 -12
-8 53 -16
-9 49 -16
-8 37 -16
-12 18 -22
-9 30 -17
-8 44 -16
-8 56 -15
-7 59 -14
-1 67 -4
-3 67 -2
-12 59 -8
-14 56 -9
-15 44 -10
-16 30 -10
-21 18 -13
-15 37 -10
-15 49 -10
-15 53 -10
-11 62 -7
-8 64 -6
-5 66 -4
-28 -11 -16
-23 -39 -13
-28 -22 -16
-25 3 -16
-29 3 -1
-33 -22 -1
-27 -39 -1
-32 -11 -1
-14 42 11
-10 4 23
-14 6 17
-16 11 19
-12 17 18
-8 -38 22
-12 -25 27
-13 -14 27
-11 0 25
-15 -39 14
-27 -26 13
-28 -13 13
-26 0 11
-19 13 11
-11 24 13
-10 26 16
-7 30 16
-4 62 10
-3 64 8
-2 66 5
-1 67 2
-2 67 1
-4 66 3
-7 64 5
-9 62 7
-11 56 10
-23 16 6
-16 37 5
-16 49 5
-16 53 5
-13 59 4
-6 66 1
-6 66 -1
-10 64 -1
-12 62 -1
-17 53 -1
-18 49 -1
-17 37 -1
-3 34 15
-3 49 16
-8 53 14
-2 52 16
-13 33 12
-13 50 12
-16 43 11
-8 52 15
0 42 15
-15 42 13
-13 49 13
-24 20 -4
-18 30 -1
-17 44 -1
-16 56 -1
-14 59 -1
-3 67 -1
-3 67 0
-9 64 2
-11 62 3
-15 56 5
-16 44 5
-17 30 6
-13 30 12
-12 53 11
-10 59 9
-5 59 12
-6 56 14
-8 32 13
-3 35 14
-3 48 14
-22 -68 -5
-18 -68 -13
-18 -68 2
-11 -68 2
-8 -68 -5
-11 -68 -13
0 62 11
0 66 -8
0 49 -19
0 56 -17
0 -42 -25
-22 -76 -5
-18 -76 -11
-18 -76 0
-11 -76 0
-11 -76 -11
-8 -76 -5
0 36 15
0 67 -1
0 -52 -5
0 59 -16
0 -14 31
0 66 5
0 53 -18
-12 35 12
-2 42 15
-8 50 13
-12 48 12
-32 18 -13
-37 5 -16
-32 20 -4
-37 5 -1
-33 11 6
-54 17 -11
-54 7 -13
-54 17 -5
-78 8 -10
-78 15 -9
-78 15 -2
-78 8 -1
-90 9 -10
-90 15 -9
-90 15 -2
-90 9 -1
-90 12 1
-97 12 -4
97 12 -4
90 12 1
90 9 -1
90 15 -2
90 15 -9
90 9 -10
78 12 1
78 8 -1
78 15 -2
78 15 -9
78 8 -10
54 12 3
54 7 -1
54 17 -5
54 7 -13
54 17 -11
33 11 6
37 5 -1
32 20 -4
37 5 -16
32 18 -13
14 42 11
8 32 13
3 48 14
0 44 -18
0 56 15
0 -34 26
0 -11 -31
0 64 -11
0 18 -25
0 67 -4
8 -76 -5
11 -76 -11
11 -76 0
18 -76 0
18 -76 -11
22 -76 -5
0 62 -13
0 59 13
11 -68 -13
8 -68 -5
11 -68 2
18 -68 2
18 -68 -13
22 -68 -5
12 35 12
3 35 14
6 56 14
5 59 12
10 59 9
12 53 11
13 30 12
17 30 6
16 44 5
15 56 5
11 62 3
9 64 2
3 67 0
3 67 -1
14 59 -1
16 56 -1
17 44 -1
18 30 -1
24 20 -4
13 49 13
15 42 13
0 42 15
8 52 15
16 43 11
13 50 12
13 33 12
2 52 16
8 53 14
3 49 16
3 34 15
17 37 -1
18 49 -1
17 53 -1
12 62 -1
10 64 -1
6 66 -1
6 66 1
13 59 4
16 53 5
16 49 5
16 37 5
23 16 6
11 56 10
9 62 7
7 64 5
4 66 3
2 67 1
1 67 2
2 66 5
3 64 8
4 62 10
7 30 16
2 42 15
8 50 13
10 26 16
11 24 13
19 13 11
26 0 11
28 -13 13
27 -26 13
15 -39 14
11 0 25
13 -14 27
12 -25 27
8 -38 22
12 17 18
16 11 19
14 6 17
10 4 23
12 48 12
32 -11 -1
27 -39 -1
33 -22 -1
29 3 -1
25 3 -16
28 -22 -16
23 -39 -13
28 -11 -16
5 66 -4
8 64 -6
11 62 -7
15 53 -10
15 49 -10
15 37 -10
21 18 -13
16 30 -10
15 44 -10
14 56 -9
12 59 -8
3 67 -2
1 67 -4
7 59 -14
8 56 -15
8 44 -16
9 30 -17
12 18 -22
8 37 -16
9 49 -16
8 53 -16
6 62 -12
5 64 -9
3 66 -7
16 -11 -27
13 -42 -22
16 -22 -27
14 3 -26
0 37 -19
0 49 16
19 -43 -15
23 -43 -5
17 -44 6
7 -49 11
7 -45 -20
15 -87 -7
25 -83 -8
37 -83 5
40 -81 10
38 -81 13
32 -83 15
31 -81 23
27 -81 24
17 -83 21
11 -81 25
8 -81 23
6 -83 19
6 -83 0
6 -83 -9
22 -83 -14
13 -83 -16
18 -77 0
11 -77 0
7 -77 -5
25 -87 -8
37 -87 5
40 -87 10
38 -87 13
32 -87 15
31 -87 23
27 -87 24
17 -87 21
11 -87 25
8 -87 23
6 -87 19
6 -87 0
22 -87 -14
6 -87 -9
13 -87 -16
11 -77 -11
18 -77 -11
22 -77 -5
12 48 12
8 50 13
2 42 15
3 35 14
12 35 12
3 48 14
10 45 14
5 45 15
8 35 14
8 41 16
4 42 16
5 37 15
8 32 13
10 37 14
8 47 14
11 42 13
14 42 11
-12 48 12
-8 50 13
-2 42 15
-11 42 13
-8 47 14
-10 37 14
-5 37 15
-4 42 16
-12 35 12
-8 41 16
-8 35 14
-5 45 15
-10 45 14
-3 48 14
-3 35 14
-8 32 13
-14 42 11
-54 12 3
-54 7 -1
-78 12 1
-53 6 -13
-52 17 -11
-52 17 -5
-53 6 -1
-52 11 4
-57 7 -13
-57 17 -11
-57 17 -5
-57 6 -1
-57 12 4
-76 12 1
-76 8 -1
-76 16 -3
-76 8 -11
-76 16 -9
53 6 -1
52 11 4
52 17 -5
53 6 -13
52 17 -11
57 6 -1
57 12 4
57 17 -5
57 7 -13
57 17 -11
76 16 -9
76 8 -11
76 16 -3
76 8 -1
76 12 1
-80 8 -10
-80 15 -9
-80 16 -3
-80 7 -1
-80 12 1
80 7 -1
80 12 1
80 16 -3
80 8 -10
80 15 -9
-22 -86 -14
-13 -86 -16
-6 -86 -9
-6 -86 0
-6 -86 19
-8 -85 23
-11 -85 25
-17 -86 21
-27 -85 24
-31 -85 23
-32 -86 15
-38 -85 13
-40 -85 10
-37 -86 5
-25 -86 -8
22 -86 -14
25 -86 -8
37 -86 5
40 -85 10
38 -85 13
32 -86 15
31 -85 23
27 -85 24
17 -86 21
11 -85 25
8 -85 23
6 -86 19
6 -86 0
6 -86 -9
13 -86 -16
3 37 8 7 1
4 7 8 9 6 1
4 6 9 10 5 1
4 5 10 11 4 1
4 4 11 12 3 1
4 3 12 13 2 1
4 14 1 2 13 1
3 1 14 29 1
3 29 14 15 1
4 14 13 16 15 1
4 13 12 17 16 1
4 12 11 18 17 1
4 11 10 19 18 1
4 10 9 20 19 1
4 9 8 21 20 1
3 8 37 21 1
3 37 22 21 1
4 21 22 23 20 1
4 20 23 24 19 1
4 19 24 25 18 1
4 18 25 26 17 1
4 17 26 27 16 1
4 16 27 28 15 1
3 15 28 29 1
3 29 28 30 1
4 28 27 31 30 1
4 27 26 32 31 1
4 26 25 33 32 1
4 25 24 34 33 1
4 24 23 35 34 1
4 23 22 36 35 1
3 22 37 36 1
3 37 38 36 1
4 36 38 39 35 1
4 35 39 40 34 1
4 34 40 41 33 1
4 33 41 42 32 1
4 32 42 43 31 1
4 31 43 44 30 1
3 30 44 29 1
3 29 44 45 1
4 44 43 46 45 1
4 43 42 47 46 1
4 42 41 48 47 1
4 41 40 49 48 1
4 40 39 50 49 1
4 39 38 51 50 1
3 38 37 51 1
3 37 52 51 1
4 51 52 53 50 1
4 50 53 54 49 1
4 49 54 55 48 1
4 48 55 56 47 1
4 47 56 57 46 1
4 46 57 58 45 1
3 45 58 29 1
3 58 1 29 1
4 2 1 58 57 1
4 57 56 3 2 1
4 56 55 4 3 1
4 55 54 5 4 1
4 54 53 6 5 1
4 53 52 7 6 1
3 52 37 7 1
3 95 66 65 1
4 65 66 67 64 1
4 64 67 68 63 1
4 63 68 69 62 1
4 62 69 70 61 1
4 61 70 71 60 1
4 72 59 60 71 1
3 59 72 87 1
3 87 72 73 1
4 72 71 74 73 1
4 71 70 75 74 1
4 70 69 76 75 1
4 69 68 77 76 1
4 68 67 78 77 1
4 67 66 79 78 1
3 66 95 79 1
3 95 80 79 1
4 79 80 81 78 1
4 78 81 82 77 1
4 77 82 83 76 1
4 76 83 84 75 1
4 75 84 85 74 1
4 74 85 86 73 1
3 73 86 87 1
3 87 86 88 1
4 86 85 89 88 1
4 85 84 90 89 1
4 84 83 91 90 1
4 83 82 92 91 1
4 82 81 93 92 1
4 81 80 94 93 1
3 80 95 94 1
3 95 96 94 1
4 94 96 97 93 1
4 93 97 98 92 1
4 92 98 99 91 1
4 91 99 100 90 1
4 90 100 101 89 1
4 89 101 102 88 1
3 88 102 87 1
3 87 102 103 1
4 102 101 104 103 1
4 101 100 105 104 1
4 100 99 106 105 1
4 99 98 107 106 1
4 98 97 108 107 1
4 97 96 109 108 1
3 96 95 109 1
3 95 110 109 1
4 109 110 111 108 1
4 108 111 112 107 1
4 107 112 113 106 1
4 106 113 114 105 1
4 105 114 115 104 1
4 104 115 116 103 1
3 103 116 87 1
3 116 59 87 1
4 60 59 116 115 1
4 115 114 61 60 1
4 114 113 62 61 1
4 113 112 63 62 1
4 112 111 64 63 1
4 111 110 65 64 1
3 110 95 65 1
4 118 117 227 128 1
4 119 118 128 129 1
4 120 119 129 130 1
4 121 120 130 131 1
4 122 121 131 132 1
4 131 126 127 132 1
4 130 125 126 131 1
4 129 124 125 130 1
4 128 123 124 129 1
4 227 232 123 128 1
4 127 126 133 134 1
4 134 133 135 136 1
4 136 135 217 216 1
3 125 133 126 1
4 124 135 133 125 1
3 123 135 124 1
4 123 232 217 135 1
3 144 138 143 1
4 143 138 137 142 1
4 142 137 215 208 1
4 141 144 143 140 1
4 140 143 142 139 1
4 139 142 208 212 1
4 204 145 139 212 1
4 145 146 140 139 1
4 146 147 141 140 1
4 132 127 148 149 1
4 127 134 150 148 1
4 134 136 151 150 1
4 136 216 152 151 1
4 215 137 154 153 1
4 137 138 155 154 1
4 138 144 156 155 1
4 144 141 157 156 1
4 149 148 158 159 1
4 148 150 160 158 1
4 150 151 161 160 1
4 151 152 188 161 1
4 153 154 162 187 1
4 154 155 163 162 1
4 155 156 164 163 1
4 156 157 165 164 1
4 159 158 166 167 1
4 158 160 168 166 1
4 160 161 169 168 1
4 161 188 178 169 1
4 187 162 171 170 1
4 162 163 172 171 1
4 163 164 173 172 1
4 164 165 174 173 1
4 132 149 157 141 1
4 122 132 141 147 1
3 157 174 165 1
3 149 174 157 1
3 149 159 174 1
3 159 167 174 1
3 191 243 181 1
3 199 243 191 1
3 199 193 243 1
3 193 183 243 1
4 234 201 209 222 1
4 222 209 193 199 1
4 184 175 243 183 1
4 185 176 175 184 1
4 186 177 176 185 1
4 187 170 177 186 1
4 189 179 178 188 1
4 190 180 179 189 1
4 192 182 180 190 1
4 191 181 182 192 1
4 194 184 183 193 1
4 195 185 184 194 1
4 196 186 185 195 1
4 153 187 186 196 1
4 197 189 188 152 1
4 198 190 189 197 1
4 200 192 190 198 1
4 199 191 192 200 1
4 205 194 193 209 1
4 213 195 194 205 1
4 214 196 195 213 1
4 215 153 196 214 1
4 218 197 152 216 1
4 220 198 197 218 1
4 228 200 198 220 1
4 222 199 200 228 1
4 202 210 209 201 1
4 203 211 210 202 1
4 204 212 211 203 1
4 211 212 208 207 1
4 210 211 207 206 1
4 209 210 206 205 1
4 207 208 215 214 1
4 206 207 214 213 1
3 205 206 213 1
4 233 219 217 232 1
3 233 231 219 1
4 231 230 221 219 1
3 230 229 221 1
4 218 216 217 219 1
4 220 218 219 221 1
4 228 220 221 229 1
4 227 226 233 232 1
4 226 225 231 233 1
4 225 224 230 231 1
4 224 223 229 230 1
4 223 222 228 229 1
4 234 222 223 235 1
4 235 223 224 236 1
4 236 224 225 237 1
4 237 225 226 238 1
4 227 117 238 226 1
4 167 166 242 174 1
4 166 168 239 242 1
4 168 169 240 239 1
4 169 178 241 240 1
4 170 171 240 241 1
4 171 172 239 240 1
4 172 173 242 239 1
3 173 174 242 1
3 243 175 246 1
4 175 176 245 246 1
4 176 177 244 245 1
4 177 170 241 244 1
4 178 179 244 241 1
4 179 180 245 244 1
4 180 182 246 245 1
4 182 181 243 246 1
4 252 724 725 250 1
4 251 250 725 726 1
4 253 251 726 727 1
4 254 253 727 728 1
4 255 254 728 729 1
4 256 255 729 730 1
4 257 256 730 731 1
4 258 257 731 732 1
4 259 258 732 733 1
4 260 259 733 734 1
4 261 260 734 735 1
4 262 261 735 736 1
4 263 262 736 737 1
4 264 263 737 738 1
4 264 738 724 252 1
3 250 283 252 1
3 250 251 283 1
3 251 253 283 1
3 253 254 283 1
3 254 255 283 1
3 255 256 283 1
3 256 257 283 1
3 257 258 283 1
3 258 259 283 1
3 259 260 283 1
3 260 261 283 1
3 261 262 283 1
3 262 263 283 1
3 263 264 283 1
3 252 283 264 1
4 249 265 270 268 1
4 249 268 269 248 1
4 282 247 248 269 1
4 265 266 271 270 1
3 267 277 276 1
3 267 274 273 1
3 267 280 279 1
3 247 282 281 1
4 247 281 280 267 1
3 267 279 278 1
3 267 278 277 1
3 267 276 275 1
3 267 275 274 1
4 266 267 273 272 1
3 266 272 271 1
3 316 424 482 1
4 305 316 482 413 1
4 315 307 489 426 1
4 314 315 426 415 1
4 308 314 415 429 1
4 309 308 429 414 1
4 313 309 414 476 1
4 310 313 476 603 1
4 312 310 603 299 1
4 311 312 299 481 1
4 307 306 480 489 1
4 306 305 413 480 1
4 303 302 298 416 1
4 302 304 479 298 1
4 304 301 300 479 1
4 301 311 481 300 1
4 322 311 301 332 1
4 332 301 304 329 1
4 329 304 302 331 1
4 331 302 303 330 1
4 328 305 306 327 1
4 327 306 307 326 1
4 321 312 311 322 1
4 323 310 312 321 1
4 320 313 310 323 1
4 324 309 313 320 1
4 325 308 309 324 1
4 319 314 308 325 1
4 318 315 314 319 1
4 326 307 315 318 1
4 317 316 305 328 1
3 424 316 317 1
3 391 424 317 1
4 369 391 317 328 1
4 390 371 326 318 1
4 389 390 318 319 1
4 372 389 319 325 1
4 373 372 325 324 1
4 388 373 324 320 1
4 374 388 320 323 1
4 387 374 323 321 1
4 386 387 321 322 1
4 371 370 327 326 1
4 370 369 328 327 1
4 335 334 331 330 1
4 334 336 329 331 1
4 336 333 332 329 1
4 349 333 336 348 1
4 348 336 334 347 1
4 347 334 335 346 1
4 397 363 350 351 1
4 398 397 351 352 1
3 398 352 353 1
4 345 297 294 338 1
4 346 293 478 342 1
4 343 342 478 295 1
4 345 344 427 297 1
4 344 343 295 427 1
4 350 349 339 340 1
3 340 339 294 1
4 292 341 340 294 1
4 292 352 351 341 1
3 338 294 339 1
4 345 338 339 349 1
4 350 340 341 351 1
4 346 342 343 347 1
4 347 343 344 348 1
4 348 344 345 349 1
4 353 352 292 291 1
3 290 424 357 1
4 356 359 360 355 1
4 401 400 362 402 1
4 400 361 394 367 1
4 361 360 393 394 1
4 360 359 368 393 1
4 368 369 370 393 1
4 393 370 371 394 1
4 397 387 386 363 1
4 337 433 385 384 1
4 432 405 376 382 1
4 432 382 385 433 1
4 377 378 477 402 1
4 402 362 399 377 1
4 396 381 380 365 1
4 296 383 375 423 1
3 337 384 430 1
3 430 379 403 1
3 403 375 404 1
4 353 403 379 398 1
4 403 353 291 375 1
3 423 375 291 1
4 430 384 381 379 1
4 604 376 383 296 1
3 604 378 376 1
4 398 379 364 397 1
4 364 379 381 396 1
4 399 366 365 380 1
3 399 380 377 1
4 382 377 380 385 1
4 382 376 378 377 1
4 384 385 380 381 1
4 405 431 383 376 1
4 431 404 375 383 1
4 364 374 387 397 1
4 396 388 374 364 1
4 365 373 388 396 1
4 366 372 373 365 1
4 395 389 372 366 1
4 367 390 389 395 1
4 394 371 390 367 1
4 392 391 369 368 1
3 424 391 392 1
3 358 424 392 1
4 359 358 392 368 1
4 362 400 367 395 1
4 399 362 395 366 1
4 354 361 400 401 1
4 355 360 361 354 1
4 357 358 359 356 1
3 424 358 357 1
4 428 290 357 356 1
4 289 428 356 355 1
4 412 289 355 354 1
4 490 412 354 401 1
4 477 490 401 402 1
4 287 335 330 288 1
4 286 346 335 287 1
4 285 293 346 286 1
4 284 288 330 303 1
4 287 288 407 406 1
4 286 287 406 408 1
4 285 286 408 409 1
4 288 284 411 407 1
4 284 303 416 425 1
4 284 425 410 411 1
4 285 409 410 425 1
4 406 407 418 417 1
4 408 406 417 419 1
4 409 408 419 420 1
4 407 411 421 418 1
4 411 410 422 421 1
4 410 409 420 422 1
4 266 420 419 267 1
4 247 267 419 417 1
4 248 247 417 418 1
4 249 248 418 421 1
4 249 421 422 265 1
4 265 422 420 266 1
4 333 349 350 363 1
4 322 332 435 434 1
4 386 322 434 436 1
4 332 333 437 435 1
4 363 386 436 438 1
4 333 363 438 437 1
4 434 435 684 685 1
4 436 434 685 686 1
4 435 437 687 684 1
4 438 436 686 688 1
4 437 438 688 687 1
4 439 440 689 690 1
4 441 439 690 691 1
4 440 682 692 689 1
4 681 441 691 693 1
4 682 681 693 692 1
4 443 442 714 715 1
4 444 443 715 716 1
4 442 445 717 714 1
4 683 444 716 718 1
4 445 683 718 717 1
3 447 446 451 1
3 448 447 451 1
3 446 449 451 1
3 450 448 451 1
3 449 450 451 1
3 454 452 453 1
3 453 452 455 1
3 457 452 454 1
3 455 452 456 1
3 456 452 457 1
4 459 719 720 458 1
4 458 720 721 460 1
4 462 722 719 459 1
4 460 721 723 461 1
4 461 723 722 462 1
4 464 704 705 463 1
4 463 705 706 465 1
4 466 707 704 464 1
4 465 706 708 467 1
4 467 708 707 466 1
4 469 699 700 468 1
4 468 700 701 470 1
4 471 702 699 469 1
4 470 701 703 472 1
4 472 703 702 471 1
4 570 469 468 538 1
4 538 468 470 515 1
4 571 471 469 570 1
4 515 470 472 581 1
4 581 472 471 571 1
4 570 538 553 554 1
4 628 627 485 483 1
4 644 628 483 484 1
4 644 484 487 645 1
4 645 487 488 646 1
4 646 488 486 626 1
4 627 626 486 485 1
4 492 483 485 493 1
4 491 484 483 492 1
4 495 487 484 491 1
4 493 485 486 494 1
4 494 486 488 496 1
4 496 488 487 495 1
4 608 425 492 493 1
4 609 491 492 425 1
4 609 425 416 600 1
4 605 495 491 609 1
4 608 493 494 607 1
4 607 494 496 606 1
4 606 496 495 605 1
4 609 600 573 605 1
4 608 607 557 293 1
4 607 606 568 557 1
4 606 605 573 568 1
4 477 499 500 490 1
4 490 500 547 412 1
4 412 547 546 289 1
4 289 546 545 428 1
4 428 545 544 290 1
3 424 544 543 1
4 544 545 542 543 1
4 546 547 540 541 1
4 547 500 501 540 1
4 502 535 506 539 1
4 539 506 534 501 1
4 542 533 509 543 1
3 543 509 424 1
3 424 509 510 1
4 509 533 532 510 1
4 507 534 511 530 1
4 534 506 512 511 1
4 506 535 529 512 1
4 535 536 528 529 1
4 536 505 513 528 1
4 505 537 527 513 1
4 537 504 514 527 1
4 549 518 526 498 1
4 475 525 518 549 1
4 517 520 521 516 1
4 519 524 523 525 1
4 519 516 521 524 1
3 502 524 521 1
4 502 521 536 535 1
4 537 505 520 522 1
4 503 504 537 522 1
3 604 525 523 1
4 604 296 518 525 1
4 497 522 520 517 1
3 423 291 526 1
4 474 526 291 548 1
4 548 503 522 474 1
3 474 498 526 1
3 497 474 522 1
3 473 497 517 1
4 296 423 526 518 1
4 505 536 521 520 1
4 499 524 502 539 1
4 524 499 477 523 1
4 550 566 516 519 1
4 550 519 525 475 1
4 473 517 516 566 1
4 504 538 515 514 1
4 508 507 530 531 1
4 533 508 531 532 1
4 541 508 533 542 1
4 540 507 508 541 1
4 501 534 507 540 1
4 500 499 539 501 1
4 545 546 541 542 1
3 290 544 424 1
4 548 291 292 551 1
4 555 554 558 559 1
4 556 555 559 560 1
4 557 556 560 561 1
4 553 552 562 563 1
4 558 554 564 565 1
3 565 564 294 1
4 292 562 552 551 1
4 292 294 563 562 1
3 563 294 564 1
4 553 563 564 554 1
4 559 427 295 560 1
4 558 297 427 559 1
4 560 295 478 561 1
4 557 561 478 293 1
4 558 565 294 297 1
3 503 548 551 1
4 503 551 552 504 1
4 504 552 553 538 1
4 556 557 568 569 1
4 555 556 569 567 1
4 554 555 567 570 1
4 567 574 571 570 1
4 569 572 574 567 1
4 568 573 572 569 1
4 531 576 575 532 1
4 530 577 576 531 1
4 515 581 582 514 1
4 514 582 580 527 1
4 527 580 583 513 1
4 513 583 579 528 1
4 528 579 578 529 1
4 529 578 584 512 1
4 512 584 585 511 1
4 511 585 577 530 1
4 532 575 586 510 1
3 510 586 424 1
3 424 586 587 1
4 586 575 598 587 1
4 577 585 588 596 1
4 585 584 589 588 1
4 584 578 595 589 1
4 578 579 594 595 1
4 579 583 590 594 1
4 583 580 593 590 1
4 580 582 591 593 1
4 582 581 592 591 1
4 576 577 596 597 1
4 575 576 597 598 1
4 572 573 600 601 1
4 574 572 601 599 1
4 571 574 599 602 1
4 581 571 602 592 1
4 602 300 481 592 1
4 599 479 300 602 1
4 601 298 479 599 1
4 600 416 298 601 1
4 597 480 413 598 1
4 596 489 480 597 1
4 592 481 299 591 1
4 591 299 603 593 1
4 593 603 476 590 1
4 590 476 414 594 1
4 594 414 429 595 1
4 595 429 415 589 1
4 589 415 426 588 1
4 588 426 489 596 1
4 598 413 482 587 1
3 587 482 424 1
3 627 622 621 1
4 627 621 620 626 1
3 626 619 618 1
3 626 618 617 1
3 626 616 615 1
3 626 615 614 1
4 646 626 613 612 1
3 646 612 611 1
3 626 614 613 1
3 626 620 619 1
3 626 617 616 1
4 628 623 622 627 1
4 611 624 645 646 1
4 644 645 624 625 1
4 644 625 623 628 1
3 641 629 610 1
3 630 610 629 1
3 631 610 630 1
3 632 610 631 1
3 633 610 632 1
3 634 610 633 1
3 635 610 634 1
3 636 610 635 1
3 637 610 636 1
3 638 610 637 1
3 639 610 638 1
3 640 610 639 1
3 642 610 640 1
3 643 610 642 1
3 643 641 610 1
4 629 641 739 740 1
4 629 740 741 630 1
4 630 741 742 631 1
4 631 742 743 632 1
4 632 743 744 633 1
4 633 744 745 634 1
4 634 745 746 635 1
4 635 746 747 636 1
4 636 747 748 637 1
4 637 748 749 638 1
4 638 749 750 639 1
4 639 750 751 640 1
4 640 751 752 642 1
4 642 752 753 643 1
4 641 643 753 739 1
4 285 425 608 293 1
4 523 477 378 604 1
4 649 650 658 657 1
4 651 663 662 660 1
3 653 661 656 1
3 660 662 656 1
3 658 655 656 1
3 655 660 656 1
3 661 654 656 1
3 654 657 656 1
3 657 658 656 1
3 662 653 656 1
4 652 649 657 654 1
4 663 647 653 662 1
4 648 652 654 661 1
4 647 648 661 653 1
4 650 659 655 658 1
4 659 651 660 655 1
4 679 674 669 672 1
4 678 670 674 679 1
4 664 676 668 665 1
4 665 668 675 677 1
4 680 667 676 664 1
4 677 675 671 666 1
3 667 673 676 1
3 671 673 670 1
3 675 673 671 1
3 668 673 675 1
3 674 673 669 1
3 670 673 674 1
3 669 673 667 1
3 676 673 668 1
4 672 669 667 680 1
4 666 671 670 678 1
4 688 681 682 687 1
4 686 441 681 688 1
4 687 682 440 684 1
4 685 439 441 686 1
4 684 440 439 685 1
4 693 694 695 692 1
4 691 696 694 693 1
4 692 695 697 689 1
4 690 698 696 691 1
4 689 697 698 690 1
4 697 442 443 698 1
4 698 443 444 696 1
4 695 445 442 697 1
4 696 444 683 694 1
4 694 683 445 695 1
4 703 467 466 702 1
4 701 465 467 703 1
4 702 466 464 699 1
4 700 463 465 701 1
4 699 464 463 700 1
4 708 709 710 707 1
4 706 711 709 708 1
4 707 710 712 704 1
4 705 713 711 706 1
4 704 712 713 705 1
4 712 459 458 713 1
4 713 458 460 711 1
4 710 462 459 712 1
4 711 460 461 709 1
4 709 461 462 710 1
4 718 450 449 717 1
4 716 448 450 718 1
4 717 449 446 714 1
4 715 447 448 716 1
4 714 446 447 715 1
4 723 456 457 722 1
4 721 455 456 723 1
4 722 457 454 719 1
4 720 453 455 721 1
4 719 454 453 720 1
4 738 282 269 724 1
4 737 281 282 738 1
4 736 280 281 737 1
4 735 279 280 736 1
4 734 278 279 735 1
4 733 277 278 734 1
4 732 276 277 733 1
4 731 275 276 732 1
4 730 274 275 731 1
4 729 273 274 730 1
4 728 272 273 729 1
4 727 271 272 728 1
4 726 270 271 727 1
4 725 268 270 726 1
4 724 269 268 725 1
4 753 625 624 739 1
4 752 623 625 753 1
4 751 622 623 752 1
4 750 621 622 751 1
4 749 620 621 750 1
4 748 619 620 749 1
4 747 618 619 748 1
4 746 617 618 747 1
4 745 616 617 746 1
4 744 615 616 745 1
4 743 614 615 744 1
4 742 613 614 743 1
4 741 612 613 742 1
4 740 611 612 741 1