0 0 -200 0 0
200 200 200
754
0 0 0
-7 41 17
-5 41 16
-4 41 16
-4 41 15
-4 41 14
-4 41 13
-6 41 12
-6 43 12
-5 44 13
-5 45 14
-5 45 15
-5 45 16
-6 44 16
-7 43 16
-8 43 16
-8 45 16
-8 46 15
-8 46 14
-7 46 13
-7 45 12
-7 43 12
-8 43 11
-9 44 12
-10 45 12
-10 45 13
-10 45 14
-10 44 15
-9 43 16
-8 41 16
-10 41 16
-11 41 15
-11 41 14
-11 41 13
-11 41 12
-10 41 12
-8 41 11
-7 41 12
-8 40 11
-9 39 12
-10 38 12
-10 38 13
-10 38 14
-10 39 15
-9 40 16
-8 40 16
-8 38 16
-8 37 15
-8 36 14
-7 37 13
-7 38 12
-7 40 12
-6 40 12
-5 39 13
-5 38 14
-5 38 15
-5 38 16
-6 39 16
-7 40 16
10 41 16
11 41 15
11 41 14
11 41 13
11 41 12
10 41 12
8 41 11
8 43 11
9 44 12
10 45 12
10 45 13
10 45 14
10 44 15
9 43 16
8 43 16
8 45 16
8 46 15
8 46 14
7 46 13
7 45 12
7 43 12
6 43 12
5 44 13
5 45 14
5 45 15
5 45 16
6 44 16
7 43 16
8 41 16
7 41 17
5 41 16
4 41 16
4 41 15
4 41 14
4 41 13
6 41 12
7 41 12
6 40 12
5 39 13
5 38 14
5 38 15
5 38 16
6 39 16
7 40 16
8 40 16
8 38 16
8 37 15
8 36 14
7 37 13
7 38 12
7 40 12
8 40 11
9 39 12
10 38 12
10 38 13
10 38 14
10 39 15
9 40 16
0 42 11
3 41 11
6 39 11
11 37 11
13 35 11
13 33 11
1 36 30
4 35 29
5 34 29
6 33 29
6 31 28
3 40 15
6 38 15
10 37 15
12 35 15
12 33 15
4 33 31
4 31 31
2 33 33
2 31 33
2 29 33
4 29 31
4 24 14
8 26 14
12 31 15
2 25 27
5 26 27
6 29 28
4 26 11
9 27 11
13 31 11
6 30 27
11 32 14
4 30 29
2 30 31
0 30 31
0 30 31
2 30 31
4 30 29
6 30 27
11 31 14
5 31 25
10 33 20
3 31 27
1 31 29
1 29 29
3 29 27
5 29 25
10 31 14
6 36 16
10 35 16
4 36 17
2 36 17
0 28 17
2 28 17
4 28 17
6 28 16
10 31 16
-6 28 16
-4 28 17
-2 28 17
0 36 17
-2 36 17
-4 36 17
-10 35 16
-6 36 16
-10 31 14
-5 29 25
-3 29 27
-1 29 29
0 29 29
0 31 29
-1 31 29
-3 31 27
-10 33 20
-5 31 25
-11 31 14
-6 30 27
-4 30 29
-2 30 31
-2 30 31
-4 30 29
-11 32 14
-6 30 27
-13 31 11
-9 27 11
-4 26 11
0 25 11
-6 29 28
-5 26 27
-2 25 27
0 25 27
-12 31 15
-8 26 14
-4 24 14
0 24 14
-4 29 31
-2 29 33
0 29 33
0 31 33
0 33 34
-2 31 33
-2 33 33
-4 31 31
-4 33 31
-12 33 15
-12 35 15
-10 37 15
-6 38 15
-3 40 15
0 41 15
-6 31 28
-6 33 29
-5 34 29
-4 35 29
0 37 30
-1 36 30
-13 33 11
-13 35 11
-11 37 11
-6 39 11
-3 41 11
4 31 17
2 31 17
0 31 17
6 31 16
-10 31 16
-2 31 17
-4 31 17
-6 31 16
-22 -77 -5
-18 -77 -11
-11 -77 -11
-13 -87 -16
-6 -87 -9
-22 -87 -14
-6 -87 0
-6 -87 19
-8 -87 23
-11 -87 25
-17 -87 21
-27 -87 24
-31 -87 23
-32 -87 15
-38 -87 13
-40 -87 10
-37 -87 5
-25 -87 -8
-7 -77 -5
-11 -77 0
-18 -77 0
-13 -83 -16
-22 -83 -14
-6 -83 -9
-6 -83 0
-6 -83 19
-8 -81 23
-11 -81 25
-17 -83 21
-27 -81 24
-31 -81 23
-32 -83 15
-38 -81 13
-40 -81 10
-37 -83 5
-25 -83 -8
-15 -87 -7
-7 -45 -20
-7 -49 11
-17 -44 6
-23 -43 -5
-19 -43 -15
0 64 8
0 67 2
0 30 17
0 21 14
0 -43 18
0 10 18
0 -25 30
0 43 15
0 0 29
0 -22 -31
0 30 -20
0 3 -30
-14 3 -26
-16 -22 -27
-13 -42 -22
-16 -11 -27
-3 66 -7
-5 64 -9
-6 62 -12
-8 53 -16
-9 49 -16
-8 37 -16
-12 18 -22
-9 30 -17
-8 44 -16
-8 56 -15
-7 59 -14
-1 67 -4
-3 67 -2
-12 59 -8
-14 56 -9
-15 44 -10
-16 30 -10
-21 18 -13
-15 37 -10
-15 49 -10
-15 53 -10
-11 62 -7
-8 64 -6
-5 66 -4
-28 -11 -16
-23 -39 -13
-28 -22 -16
-25 3 -16
-29 3 -1
-33 -22 -1
-27 -39 -1
-32 -11 -1
-14 42 11
-10 4 23
-14 6 17
-16 11 19
-12 17 18
-8 -38 22
-12 -25 27
-13 -14 27
-11 0 25
-15 -39 14
-27 -26 13
-28 -13 13
-26 0 11
-19 13 11
-11 24 13
-10 26 16
-7 30 16
-4 62 10
-3 64 8
-2 66 5
-1 67 2
-2 67 1
-4 66 3
-7 64 5
-9 62 7
-11 56 10
-23 16 6
-16 37 5
-16 49 5
-16 53 5
-13 59 4
-6 66 1
-6 66 -1
-10 64 -1
-12 62 -1
-17 53 -1
-18 49 -1
-17 37 -1
-3 34 15
-3 49 16
-8 53 14
-2 52 16
-13 33 12
-13 50 12
-16 43 11
-8 52 15
0 42 15
-15 42 13
-13 49 13
-24 20 -4
-18 30 -1
-17 44 -1
-16 56 -1
-14 59 -1
-3 67 -1
-3 67 0
-9 64 2
-11 62 3
-15 56 5
-16 44 5
-17 30 6
-13 30 12
-12 53 11
-10 59 9
-5 59 12
-6 56 14
-8 32 13
-3 35 14
-3 48 14
-22 -68 -5
-18 -68 -13
-18 -68 2
-11 -68 2
-8 -68 -5
-11 -68 -13
0 62 11
0 66 -8
0 49 -19
0 56 -17
0 -42 -25
-22 -76 -5
-18 -76 -11
-18 -76 0
-11 -76 0
-11 -76 -11
-8 -76 -5
0 36 15
0 67 -1
0 -52 -5
0 59 -16
0 -14 31
0 66 5
0 53 -18
-12 35 12
-2 42 15
-8 50 13
-12 48 12
-32 18 -13
-37 5 -16
-32 20 -4
-37 5 -1
-33 11 6
-54 17 -11
-54 7 -13
-54 17 -5
-78 8 -10
-78 15 -9
-78 15 -2
-78 8 -1
-90 9 -10
-90 15 -9
-90 15 -2
-90 9 -1
-90 12 1
-97 12 -4
97 12 -4
90 12 1
90 9 -1
90 15 -2
90 15 -9
90 9 -10
78 12 1
78 8 -1
78 15 -2
78 15 -9
78 8 -10
54 12 3
54 7 -1
54 17 -5
54 7 -13
54 17 -11
33 11 6
37 5 -1
32 20 -4
37 5 -16
32 18 -13
14 42 11
8 32 13
3 48 14
0 44 -18
0 56 15
0 -34 26
0 -11 -31
0 64 -11
0 18 -25
0 67 -4
8 -76 -5
11 -76 -11
11 -76 0
18 -76 0
18 -76 -11
22 -76 -5
0 62 -13
0 59 13
11 -68 -13
8 -68 -5
11 -68 2
18 -68 2
18 -68 -13
22 -68 -5
12 35 12
3 35 14
6 56 14
5 59 12
10 59 9
12 53 11
13 30 12
17 30 6
16 44 5
15 56 5
11 62 3
9 64 2
3 67 0
3 67 -1
14 59 -1
16 56 -1
17 44 -1
18 30 -1
24 20 -4
13 49 13
15 42 13
0 42 15
8 52 15
16 43 11
13 50 12
13 33 12
2 52 16
8 53 14
3 49 16
3 34 15
17 37 -1
18 49 -1
17 53 -1
12 62 -1
10 64 -1
6 66 -1
6 66 1
13 59 4
16 53 5
16 49 5
16 37 5
23 16 6
11 56 10
9 62 7
7 64 5
4 66 3
2 67 1
1 67 2
2 66 5
3 64 8
4 62 10
7 30 16
2 42 15
8 50 13
10 26 16
11 24 13
19 13 11
26 0 11
28 -13 13
27 -26 13
15 -39 14
11 0 25
13 -14 27
12 -25 27
8 -38 22
12 17 18
16 11 19
14 6 17
10 4 23
12 48 12
32 -11 -1
27 -39 -1
33 -22 -1
29 3 -1
25 3 -16
28 -22 -16
23 -39 -13
28 -11 -16
5 66 -4
8 64 -6
11 62 -7
15 53 -10
15 49 -10
15 37 -10
21 18 -13
16 30 -10
15 44 -10
14 56 -9
12 59 -8
3 67 -2
1 67 -4
7 59 -14
8 56 -15
8 44 -16
9 30 -17
12 18 -22
8 37 -16
9 49 -16
8 53 -16
6 62 -12
5 64 -9
3 66 -7
16 -11 -27
13 -42 -22
16 -22 -27
14 3 -26
0 37 -19
0 49 16
19 -43 -15
23 -43 -5
17 -44 6
7 -49 11
7 -45 -20
15 -87 -7
25 -83 -8
37 -83 5
40 -81 10
38 -81 13
32 -83 15
31 -81 23
27 -81 24
17 -83 21
11 -81 25
8 -81 23
6 -83 19
6 -83 0
6 -83 -9
22 -83 -14
13 -83 -16
18 -77 0
11 -77 0
7 -77 -5
25 -87 -8
37 -87 5
40 -87 10
38 -87 13
32 -87 15
31 -87 23
27 -87 24
17 -87 21
11 -87 25
8 -87 23
6 -87 19
6 -87 0
22 -87 -14
6 -87 -9
13 -87 -16
11 -77 -11
18 -77 -11
22 -77 -5
12 48 12
8 50 13
2 42 15
3 35 14
12 35 12
3 48 14
10 45 14
5 45 15
8 35 14
8 41 16
4 42 16
5 37 15
8 32 13
10 37 14
8 47 14
11 42 13
14 42 11
-12 48 12
-8 50 13
-2 42 15
-11 42 13
-8 47 14
-10 37 14
-5 37 15
-4 42 16
-12 35 12
-8 41 16
-8 35 14
-5 45 15
-10 45 14
-3 48 14
-3 35 14
-8 32 13
-14 42 11
-54 12 3
-54 7 -1
-78 12 1
-53 6 -13
-52 17 -11
-52 17 -5
-53 6 -1
-52 11 4
-57 7 -13
-57 17 -11
-57 17 -5
-57 6 -1
-57 12 4
-76 12 1
-76 8 -1
-76 16 -3
-76 8 -11
-76 16 -9
53 6 -1
52 11 4
52 17 -5
53 6 -13
52 17 -11
57 6 -1
57 12 4
57 17 -5
57 7 -13
57 17 -11
76 16 -9
76 8 -11
76 16 -3
76 8 -1
76 12 1
-80 8 -10
-80 15 -9
-80 16 -3
-80 7 -1
-80 12 1
80 7 -1
80 12 1
80 16 -3
80 8 -10
80 15 -9
-22 -86 -14
-13 -86 -16
-6 -86 -9
-6 -86 0
-6 -86 19
-8 -85 23
-11 -85 25
-17 -86 21
-27 -85 24
-31 -85 23
-32 -86 15
-38 -85 13
-40 -85 10
-37 -86 5
-25 -86 -8
22 -86 -14
25 -86 -8
37 -86 5
40 -85 10
38 -85 13
32 -86 15
31 -85 23
27 -85 24
17 -86 21
11 -85 25
8 -85 23
6 -86 19
6 -86 0
6 -86 -9
13 -86 -16
3 37 8 7
4 7 8 9 6
4 6 9 10 5
4 5 10 11 4
4 4 11 12 3
4 3 12 13 2
4 14 1 2 13
3 1 14 29
3 29 14 15
4 14 13 16 15
4 13 12 17 16
4 12 11 18 17
4 11 10 19 18
4 10 9 20 19
4 9 8 21 20
3 8 37 21
3 37 22 21
4 21 22 23 20
4 20 23 24 19
4 19 24 25 18
4 18 25 26 17
4 17 26 27 16
4 16 27 28 15
3 15 28 29
3 29 28 30
4 28 27 31 30
4 27 26 32 31
4 26 25 33 32
4 25 24 34 33
4 24 23 35 34
4 23 22 36 35
3 22 37 36
3 37 38 36
4 36 38 39 35
4 35 39 40 34
4 34 40 41 33
4 33 41 42 32
4 32 42 43 31
4 31 43 44 30
3 30 44 29
3 29 44 45
4 44 43 46 45
4 43 42 47 46
4 42 41 48 47
4 41 40 49 48
4 40 39 50 49
4 39 38 51 50
3 38 37 51
3 37 52 51
4 51 52 53 50
4 50 53 54 49
4 49 54 55 48
4 48 55 56 47
4 47 56 57 46
4 46 57 58 45
3 45 58 29
3 58 1 29
4 2 1 58 57
4 57 56 3 2
4 56 55 4 3
4 55 54 5 4
4 54 53 6 5
4 53 52 7 6
3 52 37 7
3 95 66 65
4 65 66 67 64
4 64 67 68 63
4 63 68 69 62
4 62 69 70 61
4 61 70 71 60
4 72 59 60 71
3 59 72 87
3 87 72 73
4 72 71 74 73
4 71 70 75 74
4 70 69 76 75
4 69 68 77 76
4 68 67 78 77
4 67 66 79 78
3 66 95 79
3 95 80 79
4 79 80 81 78
4 78 81 82 77
4 77 82 83 76
4 76 83 84 75
4 75 84 85 74
4 74 85 86 73
3 73 86 87
3 87 86 88
4 86 85 89 88
4 85 84 90 89
4 84 83 91 90
4 83 82 92 91
4 82 81 93 92
4 81 80 94 93
3 80 95 94
3 95 96 94
4 94 96 97 93
4 93 97 98 92
4 92 98 99 91
4 91 99 100 90
4 90 100 101 89
4 89 101 102 88
3 88 102 87
3 87 102 103
4 102 101 104 103
4 101 100 105 104
4 100 99 106 105
4 99 98 107 106
4 98 97 108 107
4 97 96 109 108
3 96 95 109
3 95 110 109
4 109 110 111 108
4 108 111 112 107
4 107 112 113 106
4 106 113 114 105
4 105 114 115 104
4 104 115 116 103
3 103 116 87
3 116 59 87
4 60 59 116 115
4 115 114 61 60
4 114 113 62 61
4 113 112 63 62
4 112 111 64 63
4 111 110 65 64
3 110 95 65
4 118 117 227 128
4 119 118 128 129
4 120 119 129 130
4 121 120 130 131
4 122 121 131 132
4 131 126 127 132
4 130 125 126 131
4 129 124 125 130
4 128 123 124 129
4 227 232 123 128
4 127 126 133 134
4 134 133 135 136
4 136 135 217 216
3 125 133 126
4 124 135 133 125
3 123 135 124
4 123 232 217 135
3 144 138 143
4 143 138 137 142
4 142 137 215 208
4 141 144 143 140
4 140 143 142 139
4 139 142 208 212
4 204 145 139 212
4 145 146 140 139
4 146 147 141 140
4 132 127 148 149
4 127 134 150 148
4 134 136 151 150
4 136 216 152 151
4 215 137 154 153
4 137 138 155 154
4 138 144 156 155
4 144 141 157 156
4 149 148 158 159
4 148 150 160 158
4 150 151 161 160
4 151 152 188 161
4 153 154 162 187
4 154 155 163 162
4 155 156 164 163
4 156 157 165 164
4 159 158 166 167
4 158 160 168 166
4 160 161 169 168
4 161 188 178 169
4 187 162 171 170
4 162 163 172 171
4 163 164 173 172
4 164 165 174 173
4 132 149 157 141
4 122 132 141 147
3 157 174 165
3 149 174 157
3 149 159 174
3 159 167 174
3 191 243 181
3 199 243 191
3 199 193 243
3 193 183 243
4 234 201 209 222
4 222 209 193 199
4 184 175 243 183
4 185 176 175 184
4 186 177 176 185
4 187 170 177 186
4 189 179 178 188
4 190 180 179 189
4 192 182 180 190
4 191 181 182 192
4 194 184 183 193
4 195 185 184 194
4 196 186 185 195
4 153 187 186 196
4 197 189 188 152
4 198 190 189 197
4 200 192 190 198
4 199 191 192 200
4 205 194 193 209
4 213 195 194 205
4 214 196 195 213
4 215 153 196 214
4 218 197 152 216
4 220 198 197 218
4 228 200 198 220
4 222 199 200 228
4 202 210 209 201
4 203 211 210 202
4 204 212 211 203
4 211 212 208 207
4 210 211 207 206
4 209 210 206 205
4 207 208 215 214
4 206 207 214 213
3 205 206 213
4 233 219 217 232
3 233 231 219
4 231 230 221 219
3 230 229 221
4 218 216 217 219
4 220 218 219 221
4 228 220 221 229
4 227 226 233 232
4 226 225 231 233
4 225 224 230 231
4 224 223 229 230
4 223 222 228 229
4 234 222 223 235
4 235 223 224 236
4 236 224 225 237
4 237 225 226 238
4 227 117 238 226
4 167 166 242 174
4 166 168 239 242
4 168 169 240 239
4 169 178 241 240
4 170 171 240 241
4 171 172 239 240
4 172 173 242 239
3 173 174 242
3 243 175 246
4 175 176 245 246
4 176 177 244 245
4 177 170 241 244
4 178 179 244 241
4 179 180 245 244
4 180 182 246 245
4 182 181 243 246
4 252 724 725 250
4 251 250 725 726
4 253 251 726 727
4 254 253 727 728
4 255 254 728 729
4 256 255 729 730
4 257 256 730 731
4 258 257 731 732
4 259 258 732 733
4 260 259 733 734
4 261 260 734 735
4 262 261 735 736
4 263 262 736 737
4 264 263 737 738
4 264 738 724 252
3 250 283 252
3 250 251 283
3 251 253 283
3 253 254 283
3 254 255 283
3 255 256 283
3 256 257 283
3 257 258 283
3 258 259 283
3 259 260 283
3 260 261 283
3 261 262 283
3 262 263 283
3 263 264 283
3 252 283 264
4 249 265 270 268
4 249 268 269 248
4 282 247 248 269
4 265 266 271 270
3 267 277 276
3 267 274 273
3 267 280 279
3 247 282 281
4 247 281 280 267
3 267 279 278
3 267 278 277
3 267 276 275
3 267 275 274
4 266 267 273 272
3 266 272 271
3 316 424 482
4 305 316 482 413
4 315 307 489 426
4 314 315 426 415
4 308 314 415 429
4 309 308 429 414
4 313 309 414 476
4 310 313 476 603
4 312 310 603 299
4 311 312 299 481
4 307 306 480 489
4 306 305 413 480
4 303 302 298 416
4 302 304 479 298
4 304 301 300 479
4 301 311 481 300
4 322 311 301 332
4 332 301 304 329
4 329 304 302 331
4 331 302 303 330
4 328 305 306 327
4 327 306 307 326
4 321 312 311 322
4 323 310 312 321
4 320 313 310 323
4 324 309 313 320
4 325 308 309 324
4 319 314 308 325
4 318 315 314 319
4 326 307 315 318
4 317 316 305 328
3 424 316 317
3 391 424 317
4 369 391 317 328
4 390 371 326 318
4 389 390 318 319
4 372 389 319 325
4 373 372 325 324
4 388 373 324 320
4 374 388 320 323
4 387 374 323 321
4 386 387 321 322
4 371 370 327 326
4 370 369 328 327
4 335 334 331 330
4 334 336 329 331
4 336 333 332 329
4 349 333 336 348
4 348 336 334 347
4 347 334 335 346
4 397 363 350 351
4 398 397 351 352
3 398 352 353
4 345 297 294 338
4 346 293 478 342
4 343 342 478 295
4 345 344 427 297
4 344 343 295 427
4 350 349 339 340
3 340 339 294
4 292 341 340 294
4 292 352 351 341
3 338 294 339
4 345 338 339 349
4 350 340 341 351
4 346 342 343 347
4 347 343 344 348
4 348 344 345 349
4 353 352 292 291
3 290 424 357
4 356 359 360 355
4 401 400 362 402
4 400 361 394 367
4 361 360 393 394
4 360 359 368 393
4 368 369 370 393
4 393 370 371 394
4 397 387 386 363
4 337 433 385 384
4 432 405 376 382
4 432 382 385 433
4 377 378 477 402
4 402 362 399 377
4 396 381 380 365
4 296 383 375 423
3 337 384 430
3 430 379 403
3 403 375 404
4 353 403 379 398
4 403 353 291 375
3 423 375 291
4 430 384 381 379
4 604 376 383 296
3 604 378 376
4 398 379 364 397
4 364 379 381 396
4 399 366 365 380
3 399 380 377
4 382 377 380 385
4 382 376 378 377
4 384 385 380 381
4 405 431 383 376
4 431 404 375 383
4 364 374 387 397
4 396 388 374 364
4 365 373 388 396
4 366 372 373 365
4 395 389 372 366
4 367 390 389 395
4 394 371 390 367
4 392 391 369 368
3 424 391 392
3 358 424 392
4 359 358 392 368
4 362 400 367 395
4 399 362 395 366
4 354 361 400 401
4 355 360 361 354
4 357 358 359 356
3 424 358 357
4 428 290 357 356
4 289 428 356 355
4 412 289 355 354
4 490 412 354 401
4 477 490 401 402
4 287 335 330 288
4 286 346 335 287
4 285 293 346 286
4 284 288 330 303
4 287 288 407 406
4 286 287 406 408
4 285 286 408 409
4 288 284 411 407
4 284 303 416 425
4 284 425 410 411
4 285 409 410 425
4 406 407 418 417
4 408 406 417 419
4 409 408 419 420
4 407 411 421 418
4 411 410 422 421
4 410 409 420 422
4 266 420 419 267
4 247 267 419 417
4 248 247 417 418
4 249 248 418 421
4 249 421 422 265
4 265 422 420 266
4 333 349 350 363
4 322 332 435 434
4 386 322 434 436
4 332 333 437 435
4 363 386 436 438
4 333 363 438 437
4 434 435 684 685
4 436 434 685 686
4 435 437 687 684
4 438 436 686 688
4 437 438 688 687
4 439 440 689 690
4 441 439 690 691
4 440 682 692 689
4 681 441 691 693
4 682 681 693 692
4 443 442 714 715
4 444 443 715 716
4 442 445 717 714
4 683 444 716 718
4 445 683 718 717
3 447 446 451
3 448 447 451
3 446 449 451
3 450 448 451
3 449 450 451
3 454 452 453
3 453 452 455
3 457 452 454
3 455 452 456
3 456 452 457
4 459 719 720 458
4 458 720 721 460
4 462 722 719 459
4 460 721 723 461
4 461 723 722 462
4 464 704 705 463
4 463 705 706 465
4 466 707 704 464
4 465 706 708 467
4 467 708 707 466
4 469 699 700 468
4 468 700 701 470
4 471 702 699 469
4 470 701 703 472
4 472 703 702 471
4 570 469 468 538
4 538 468 470 515
4 571 471 469 570
4 515 470 472 581
4 581 472 471 571
4 570 538 553 554
4 628 627 485 483
4 644 628 483 484
4 644 484 487 645
4 645 487 488 646
4 646 488 486 626
4 627 626 486 485
4 492 483 485 493
4 491 484 483 492
4 495 487 484 491
4 493 485 486 494
4 494 486 488 496
4 496 488 487 495
4 608 425 492 493
4 609 491 492 425
4 609 425 416 600
4 605 495 491 609
4 608 493 494 607
4 607 494 496 606
4 606 496 495 605
4 609 600 573 605
4 608 607 557 293
4 607 606 568 557
4 606 605 573 568
4 477 499 500 490
4 490 500 547 412
4 412 547 546 289
4 289 546 545 428
4 428 545 544 290
3 424 544 543
4 544 545 542 543
4 546 547 540 541
4 547 500 501 540
4 502 535 506 539
4 539 506 534 501
4 542 533 509 543
3 543 509 424
3 424 509 510
4 509 533 532 510
4 507 534 511 530
4 534 506 512 511
4 506 535 529 512
4 535 536 528 529
4 536 505 513 528
4 505 537 527 513
4 537 504 514 527
4 549 518 526 498
4 475 525 518 549
4 517 520 521 516
4 519 524 523 525
4 519 516 521 524
3 502 524 521
4 502 521 536 535
4 537 505 520 522
4 503 504 537 522
3 604 525 523
4 604 296 518 525
4 497 522 520 517
3 423 291 526
4 474 526 291 548
4 548 503 522 474
3 474 498 526
3 497 474 522
3 473 497 517
4 296 423 526 518
4 505 536 521 520
4 499 524 502 539
4 524 499 477 523
4 550 566 516 519
4 550 519 525 475
4 473 517 516 566
4 504 538 515 514
4 508 507 530 531
4 533 508 531 532
4 541 508 533 542
4 540 507 508 541
4 501 534 507 540
4 500 499 539 501
4 545 546 541 542
3 290 544 424
4 548 291 292 551
4 555 554 558 559
4 556 555 559 560
4 557 556 560 561
4 553 552 562 563
4 558 554 564 565
3 565 564 294
4 292 562 552 551
4 292 294 563 562
3 563 294 564
4 553 563 564 554
4 559 427 295 560
4 558 297 427 559
4 560 295 478 561
4 557 561 478 293
4 558 565 294 297
3 503 548 551
4 503 551 552 504
4 504 552 553 538
4 556 557 568 569
4 555 556 569 567
4 554 555 567 570
4 567 574 571 570
4 569 572 574 567
4 568 573 572 569
4 531 576 575 532
4 530 577 576 531
4 515 581 582 514
4 514 582 580 527
4 527 580 583 513
4 513 583 579 528
4 528 579 578 529
4 529 578 584 512
4 512 584 585 511
4 511 585 577 530
4 532 575 586 510
3 510 586 424
3 424 586 587
4 586 575 598 587
4 577 585 588 596
4 585 584 589 588
4 584 578 595 589
4 578 579 594 595
4 579 583 590 594
4 583 580 593 590
4 580 582 591 593
4 582 581 592 591
4 576 577 596 597
4 575 576 597 598
4 572 573 600 601
4 574 572 601 599
4 571 574 599 602
4 581 571 602 592
4 602 300 481 592
4 599 479 300 602
4 601 298 479 599
4 600 416 298 601
4 597 480 413 598
4 596 489 480 597
4 592 481 299 591
4 591 299 603 593
4 593 603 476 590
4 590 476 414 594
4 594 414 429 595
4 595 429 415 589
4 589 415 426 588
4 588 426 489 596
4 598 413 482 587
3 587 482 424
3 627 622 621
4 627 621 620 626
3 626 619 618
3 626 618 617
3 626 616 615
3 626 615 614
4 646 626 613 612
3 646 612 611
3 626 614 613
3 626 620 619
3 626 617 616
4 628 623 622 627
4 611 624 645 646
4 644 645 624 625
4 644 625 623 628
3 641 629 610
3 630 610 629
3 631 610 630
3 632 610 631
3 633 610 632
3 634 610 633
3 635 610 634
3 636 610 635
3 637 610 636
3 638 610 637
3 639 610 638
3 640 610 639
3 642 610 640
3 643 610 642
3 643 641 610
4 629 641 739 740
4 629 740 741 630
4 630 741 742 631
4 631 742 743 632
4 632 743 744 633
4 633 744 745 634
4 634 745 746 635
4 635 746 747 636
4 636 747 748 637
4 637 748 749 638
4 638 749 750 639
4 639 750 751 640
4 640 751 752 642
4 642 752 753 643
4 641 643 753 739
4 285 425 608 293
4 523 477 378 604
4 649 650 658 657
4 651 663 662 660
3 653 661 656
3 660 662 656
3 658 655 656
3 655 660 656
3 661 654 656
3 654 657 656
3 657 658 656
3 662 653 656
4 652 649 657 654
4 663 647 653 662
4 648 652 654 661
4 647 648 661 653
4 650 659 655 658
4 659 651 660 655
4 679 674 669 672
4 678 670 674 679
4 664 676 668 665
4 665 668 675 677
4 680 667 676 664
4 677 675 671 666
3 667 673 676
3 671 673 670
3 675 673 671
3 668 673 675
3 674 673 669
3 670 673 674
3 669 673 667
3 676 673 668
4 672 669 667 680
4 666 671 670 678
4 688 681 682 687
4 686 441 681 688
4 687 682 440 684
4 685 439 441 686
4 684 440 439 685
4 693 694 695 692
4 691 696 694 693
4 692 695 697 689
4 690 698 696 691
4 689 697 698 690
4 697 442 443 698
4 698 443 444 696
4 695 445 442 697
4 696 444 683 694
4 694 683 445 695
4 703 467 466 702
4 701 465 467 703
4 702 466 464 699
4 700 463 465 701
4 699 464 463 700
4 708 709 710 707
4 706 711 709 708
4 707 710 712 704
4 705 713 711 706
4 704 712 713 705
4 712 459 458 713
4 713 458 460 711
4 710 462 459 712
4 711 460 461 709
4 709 461 462 710
4 718 450 449 717
4 716 448 450 718
4 717 449 446 714
4 715 447 448 716
4 714 446 447 715
4 723 456 457 722
4 721 455 456 723
4 722 457 454 719
4 720 453 455 721
4 719 454 453 720
4 738 282 269 724
4 737 281 282 738
4 736 280 281 737
4 735 279 280 736
4 734 278 279 735
4 733 277 278 734
4 732 276 277 733
4 731 275 276 732
4 730 274 275 731
4 729 273 274 730
4 728 272 273 729
4 727 271 272 728
4 726 270 271 727
4 725 268 270 726
4 724 269 268 725
4 753 625 624 739
4 752 623 625 753
4 751 622 623 752
4 750 621 622 751
4 749 620 621 750
4 748 619 620 749
4 747 618 619 748
4 746 617 618 747
4 745 616 617 746
4 744 615 616 745
4 743 614 615 744
4 742 613 614 743
4 741 612 613 742
4 740 611 612 741