0 0 -200 0 0
200 200 200
508
0 0 0
37 19 67
-49 19 67
43 11 74
-56 11 74
48 0 78
-60 0 78
29 4 86
-41 4 86
29 14 80
-41 14 80
29 21 70
-41 21 70
21 22 67
-33 22 67
14 17 74
-26 17 74
9 7 78
-21 7 78
1 8 59
-13 8 59
8 17 59
-20 17 59
18 22 59
-30 22 59
21 22 50
-33 22 50
14 17 44
-26 17 44
9 7 39
-21 7 39
29 4 32
-41 4 32
29 14 38
-41 14 38
29 21 47
-41 21 47
37 19 50
-49 19 50
43 11 44
-56 11 44
48 0 39
-60 0 39
56 0 59
-68 0 59
50 10 59
-62 10 59
40 18 59
-52 18 59
41 20 59
-53 20 59
38 21 50
-50 21 50
29 23 46
-41 23 46
20 25 50
-32 25 50
16 25 59
-28 25 59
20 25 68
-32 25 68
29 25 59
-41 25 59
29 23 71
-41 23 71
38 21 68
-50 21 68
-6 17 40
-6 25 48
-6 16 151
-6 21 115
-6 22 102
-6 14 161
-6 3 43
-6 0 26
-6 -111 -6
-6 -142 27
-6 -139 76
-6 -92 121
14 0 102
-26 0 102
25 0 127
-37 0 127
29 0 153
-41 0 153
30 -3 172
-42 -3 172
26 -4 178
-38 -4 178
11 -1 180
-23 -1 180
-6 0 182
37 -3 97
-49 -3 97
57 -2 87
-69 -2 87
76 -12 68
-88 -12 68
79 2 40
-91 2 40
65 5 35
-77 5 35
43 11 23
-55 11 23
26 16 7
-38 16 7
9 18 11
-21 18 11
0 18 34
-12 18 34
10 20 42
-22 20 42
6 19 53
-18 19 53
14 17 74
-26 17 74
31 13 82
-43 13 82
43 10 77
-55 10 77
56 7 64
-68 7 64
58 7 54
-70 7 54
54 9 46
-66 9 46
36 14 39
-48 14 39
18 18 36
-31 18 36
-6 16 160
4 16 155
-16 16 155
5 14 167
-17 14 167
0 12 171
-12 12 171
-6 11 172
-6 18 103
-6 17 97
4 17 98
-16 17 98
6 18 106
-18 18 106
2 17 112
-14 17 112
33 10 88
-45 10 88
55 5 78
-67 5 78
66 3 63
-78 3 63
68 8 46
-80 8 46
62 15 42
-74 15 42
37 22 29
-49 22 29
25 26 19
-37 26 19
14 28 21
-26 28 21
4 27 40
-16 27 40
6 24 93
-18 24 93
15 14 128
-27 14 128
18 11 154
-31 11 154
20 9 165
-32 9 165
17 6 175
-29 6 175
10 6 176
-22 6 176
-6 7 178
-6 15 79
-6 19 62
26 17 36
-38 17 36
10 18 69
-22 18 69
7 18 62
-19 18 62
5 16 152
-17 16 152
1 18 128
-13 18 128
-6 18 128
-6 17 116
3 21 111
-15 21 111
7 22 106
-19 22 106
4 21 96
-16 21 96
-2 21 96
-9 21 96
-6 25 104
-1 24 98
-10 24 98
3 24 99
-15 24 99
4 25 106
-16 25 106
1 23 108
-13 23 108
-6 23 112
19 -1 114
-31 -1 114
10 14 107
-22 14 107
11 14 114
-23 14 114
17 -1 108
-29 -1 108
-6 11 171
-1 11 170
-10 11 170
3 14 165
-15 14 165
3 15 157
-15 15 157
-6 8 161
3 9 158
-15 9 158
3 7 164
-15 7 164
-1 6 168
-10 6 168
-6 6 169
11 21 61
-23 21 61
12 20 68
-24 20 68
27 18 40
-39 18 40
21 20 41
-33 20 41
36 20 43
-48 20 43
50 12 48
-62 12 48
52 11 54
-64 11 54
51 11 64
-63 11 64
41 14 73
-53 14 73
31 17 77
-43 17 77
16 21 72
-28 21 72
11 21 54
-23 21 54
15 21 46
-27 21 46
17 18 47
-29 18 47
13 18 54
-25 18 54
18 18 71
-30 18 71
31 15 75
-43 15 75
40 13 71
-52 13 71
48 10 62
-60 10 62
49 10 55
-61 10 55
47 11 50
-59 11 50
35 18 44
-47 18 44
22 19 43
-34 19 43
27 18 43
-39 18 43
14 18 66
-26 18 66
13 18 61
-25 18 61
4 4 37
-16 4 37
13 4 17
-25 4 17
27 2 14
-39 2 14
42 -1 28
-54 -1 28
61 -7 38
-73 -7 38
73 -10 43
-85 -10 43
71 -19 67
-83 -19 67
54 -15 83
-66 -15 83
37 -10 93
-49 -10 93
-6 -27 -6
-6 -64 -14
-6 -124 103
-6 -38 129
-6 -10 181
-6 -22 164
-6 -24 140
-6 -28 132
79 -51 60
-91 -51 60
79 -61 51
-91 -61 51
71 -100 57
-83 -100 57
40 -127 39
-52 -127 39
67 -49 88
-79 -49 88
53 -73 96
-65 -73 96
58 -99 84
-70 -99 84
27 -123 78
-39 -123 78
17 -16 118
-29 -16 118
11 -31 125
-23 -31 125
22 -18 154
-34 -18 154
18 -17 133
-31 -17 133
26 -17 175
-38 -17 175
8 -20 159
-20 -20 159
6 -20 137
-18 -20 137
10 -13 178
-22 -13 178
15 -13 111
-27 -13 111
15 -10 106
-27 -10 106
14 -6 100
-26 -6 100
15 -40 122
-27 -40 122
23 -83 114
-35 -83 114
28 -110 98
-40 -110 98
39 -95 -3
-51 -95 -3
39 -63 -9
-51 -63 -9
39 -33 -1
-51 -33 -1
40 -13 31
-52 -13 31
66 -23 43
-78 -23 43
57 -28 38
-69 -28 38
58 -51 13
-70 -51 13
73 -44 27
-85 -44 27
73 -68 21
-85 -68 21
58 -76 8
-70 -76 8
58 -101 15
-70 -101 15
73 -92 29
-85 -92 29
55 -115 50
-67 -115 50
42 -111 81
-54 -111 81
76 -77 50
-88 -77 50
34 -42 100
-46 -42 100
36 -77 103
-48 -77 103
83 -80 43
-95 -80 43
71 -69 97
-83 -69 97
97 -89 93
-109 -89 93
122 -99 78
-134 -99 78
129 -99 51
-141 -99 51
117 -99 32
-129 -99 32
96 -88 36
-108 -88 36
95 -85 42
-107 -85 42
112 -95 39
-124 -95 39
120 -97 54
-132 -97 54
115 -97 75
-127 -97 75
97 -87 87
-109 -87 87
76 -70 90
-88 -70 90
86 -78 47
-98 -78 47
88 -85 53
-100 -85 53
82 -77 86
-94 -77 86
97 -93 83
-109 -93 83
112 -101 74
-124 -101 74
117 -101 58
-129 -101 58
111 -100 47
-123 -100 47
96 -92 49
-108 -92 49
78 -77 54
-90 -77 54
77 -84 66
-89 -84 66
69 -84 74
-81 -84 74
76 -84 75
-88 -84 75
78 -84 82
-90 -84 82
75 -84 85
-87 -84 85
66 -63 83
-78 -63 83
65 -74 86
-77 -74 86
65 -75 79
-77 -75 79
73 -77 63
-85 -77 63
83 -83 59
-95 -83 59
83 -88 60
-95 -88 60
75 -88 85
-87 -88 85
79 -88 82
-91 -88 82
76 -88 75
-88 -88 75
70 -88 74
-82 -88 74
78 -88 66
-90 -88 66
97 -98 50
-109 -98 50
112 -105 49
-124 -105 49
119 -106 59
-131 -106 59
115 -105 75
-127 -105 75
98 -99 83
-110 -99 83
82 -83 85
-94 -83 85
89 -91 54
-101 -91 54
83 -89 72
-95 -89 72
87 -90 77
-99 -90 77
93 -93 71
-106 -93 71
90 -92 66
-102 -92 66
95 -94 60
-107 -94 60
99 -95 64
-111 -95 64
104 -95 62
-116 -95 62
102 -95 56
-114 -95 56
96 -105 39
-108 -105 39
118 -111 36
-131 -111 36
130 -106 54
-142 -106 54
125 -110 78
-137 -110 78
97 -106 92
-109 -106 92
72 -89 96
-84 -89 96
79 -95 45
-91 -95 45
4 47 1 3 45
4  4 2 48 46
4  45 3 5 43
4  6 4 46 44
4  3 9 7 5
4  8 10 4 6
4  1 11 9 3
4  10 12 2 4
4  11 13 15 9
4  16 14 12 10
4  9 15 17 7
4  18 16 10 8
4  15 21 19 17
4  20 22 16 18
4  13 23 21 15
4  22 24 14 16
4  23 25 27 21
4  28 26 24 22
4  21 27 29 19
4  30 28 22 20
4  27 33 31 29
4  32 34 28 30
4  25 35 33 27
4  34 36 26 28
4  35 37 39 33
4  40 38 36 34
4  33 39 41 31
4  42 40 34 32
4  39 45 43 41
4  44 46 40 42
4  37 47 45 39
4  46 48 38 40
4  47 37 51 49
4  52 38 48 50
4  37 35 53 51
4  54 36 38 52
4  35 25 55 53
4  56 26 36 54
4  25 23 57 55
4  58 24 26 56
4  23 13 59 57
4  60 14 24 58
4  13 11 63 59
4  64 12 14 60
4  11 1 65 63
4  66 2 12 64
4  1 47 49 65
4  50 48 2 66
3  61 65 49
3  50 66 62
3  63 65 61
3  62 66 64
3  61 59 63
3  64 60 62
3  61 57 59
3  60 58 62
3  61 55 57
3  58 56 62
3  61 53 55
3  56 54 62
3  61 51 53
3  54 52 62
3  61 49 51
3  52 50 62
4  89 174 176 91
4  176 175 90 91
4  87 172 174 89
4  175 173 88 90
4  85 170 172 87
4  173 171 86 88
4  83 168 170 85
4  171 169 84 86
4  81 166 168 83
4  169 167 82 84
4  79 92 146 164
4  147 93 80 165
4  92 94 148 146
4  149 95 93 147
4  94 96 150 148
4  151 97 95 149
4  96 98 152 150
4  153 99 97 151
4  98 100 154 152
4  155 101 99 153
4  100 102 156 154
4  157 103 101 155
4  102 104 158 156
4  159 105 103 157
4  104 106 160 158
4  161 107 105 159
4  106 108 162 160
4  163 109 107 161
4  108 67 68 162
4  68 67 109 163
4  110 128 160 162
4  161 129 111 163
4  128 179 158 160
4  159 180 129 161
4  126 156 158 179
4  159 157 127 180
4  124 154 156 126
4  157 155 125 127
4  122 152 154 124
4  155 153 123 125
4  120 150 152 122
4  153 151 121 123
4  118 148 150 120
4  151 149 119 121
4  116 146 148 118
4  149 147 117 119
4  114 164 146 116
4  147 165 115 117
4  114 181 177 164
4  177 182 115 165
4  110 162 68 112
4  68 163 111 113
4  112 68 178 183
4  178 68 113 184
4  177 181 183 178
4  184 182 177 178
4  135 137 176 174
4  176 137 136 175
4  133 135 174 172
4  175 136 134 173
4  131 133 172 170
4  173 134 132 171
4  166 187 185 168
4  186 188 167 169
4  131 170 168 185
4  169 171 132 186
4  144 190 189 187
4  189 190 145 188
4  185 187 189 69
4  189 188 186 69
4  130 131 185 69
4  186 132 130 69
4  142 193 191 144
4  192 194 143 145
4  140 195 193 142
4  194 196 141 143
4  139 197 195 140
4  196 198 139 141
4  138 71 197 139
4  198 71 138 139
4  190 144 191 70
4  192 145 190 70
4  70 191 206 208
4  207 192 70 208
4  71 199 200 197
4  201 199 71 198
4  197 200 202 195
4  203 201 198 196
4  195 202 204 193
4  205 203 196 194
4  193 204 206 191
4  207 205 194 192
4  199 204 202 200
4  203 205 199 201
4  199 208 206 204
4  207 208 199 205
4  139 140 164 177
4  165 141 139 177
4  140 142 211 164
4  212 143 141 165
4  142 144 213 211
4  214 145 143 212
4  144 187 166 213
4  167 188 145 214
4  81 209 213 166
4  214 210 82 167
4  209 215 211 213
4  212 216 210 214
4  79 164 211 215
4  212 165 80 216
4  131 130 72 222
4  72 130 132 223
4  133 131 222 220
4  223 132 134 221
4  135 133 220 218
4  221 134 136 219
4  137 135 218 217
4  219 136 137 217
4  217 218 229 231
4  230 219 217 231
4  218 220 227 229
4  228 221 219 230
4  220 222 225 227
4  226 223 221 228
4  222 72 224 225
4  224 72 223 226
4  224 231 229 225
4  230 231 224 226
3  225 229 227
3  228 230 226
4  183 181 234 232
4  235 182 184 233
4  112 183 232 254
4  233 184 113 255
4  110 112 254 256
4  255 113 111 257
4  181 114 252 234
4  253 115 182 235
4  114 116 250 252
4  251 117 115 253
4  116 118 248 250
4  249 119 117 251
4  118 120 246 248
4  247 121 119 249
4  120 122 244 246
4  245 123 121 247
4  122 124 242 244
4  243 125 123 245
4  124 126 240 242
4  241 127 125 243
4  126 179 236 240
4  237 180 127 241
4  179 128 238 236
4  239 129 180 237
4  128 110 256 238
4  257 111 129 239
4  238 256 258 276
4  259 257 239 277
4  236 238 276 278
4  277 239 237 279
4  240 236 278 274
4  279 237 241 275
4  242 240 274 272
4  275 241 243 273
4  244 242 272 270
4  273 243 245 271
4  246 244 270 268
4  271 245 247 269
4  248 246 268 266
4  269 247 249 267
4  250 248 266 264
4  267 249 251 265
4  252 250 264 262
4  265 251 253 263
4  234 252 262 280
4  263 253 235 281
4  256 254 260 258
4  261 255 257 259
4  254 232 282 260
4  283 233 255 261
4  232 234 280 282
4  281 235 233 283
4  67 108 284 73
4  285 109 67 73
4  108 106 286 284
4  287 107 109 285
4  106 104 288 286
4  289 105 107 287
4  104 102 290 288
4  291 103 105 289
4  102 100 292 290
4  293 101 103 291
4  100 98 294 292
4  295 99 101 293
4  98 96 296 294
4  297 97 99 295
4  96 94 298 296
4  299 95 97 297
4  94 92 300 298
4  301 93 95 299
4  308 309 328 338
4  329 309 308 339
4  307 308 338 336
4  339 308 307 337
4  306 307 336 340
4  337 307 306 341
4  89 91 306 340
4  306 91 90 341
4  87 89 340 334
4  341 90 88 335
4  85 87 334 330
4  335 88 86 331
4  83 85 330 332
4  331 86 84 333
4  330 336 338 332
4  339 337 331 333
4  330 334 340 336
4  341 335 331 337
4  326 332 338 328
4  339 333 327 329
4  81 83 332 326
4  333 84 82 327
4  209 342 344 215
4  345 343 210 216
4  81 326 342 209
4  343 327 82 210
4  79 215 344 346
4  345 216 80 347
4  79 346 300 92
4  301 347 80 93
4  77 324 352 304
4  353 325 77 304
4  304 352 350 78
4  351 353 304 78
4  78 350 348 305
4  349 351 78 305
4  305 348 328 309
4  329 349 305 309
4  326 328 348 342
4  349 329 327 343
4  296 298 318 310
4  319 299 297 311
4  76 316 324 77
4  325 317 76 77
4  302 358 356 303
4  357 359 302 303
4  303 356 354 75
4  355 357 303 75
4  75 354 316 76
4  317 355 75 76
4  292 294 362 364
4  363 295 293 365
4  364 362 368 366
4  369 363 365 367
4  366 368 370 372
4  371 369 367 373
4  372 370 376 374
4  377 371 373 375
4  314 378 374 376
4  375 379 315 377
4  316 354 374 378
4  375 355 317 379
4  354 356 372 374
4  373 357 355 375
4  356 358 366 372
4  367 359 357 373
4  358 360 364 366
4  365 361 359 367
4  290 292 364 360
4  365 293 291 361
4  74 360 358 302
4  359 361 74 302
4  284 286 288 290
4  289 287 285 291
4  284 290 360 74
4  361 291 285 74
3  73 284 74
3  74 285 73
4  294 296 310 362
4  311 297 295 363
4  310 312 368 362
4  369 313 311 363
4  312 382 370 368
4  371 383 313 369
4  314 376 370 382
4  371 377 315 383
4  348 350 386 384
4  387 351 349 385
4  318 384 386 320
4  387 385 319 321
4  298 300 384 318
4  385 301 299 319
4  300 344 342 384
4  343 345 301 385
3  342 348 384
3  385 349 343
3  300 346 344
3  345 347 301
4  314 322 380 378
4  381 323 315 379
4  316 378 380 324
4  381 379 317 325
4  320 386 380 322
4  381 387 321 323
4  350 352 380 386
4  381 353 351 387
3  324 380 352
3  353 381 325
4  400 388 414 402
4  415 389 401 403
4  400 402 404 398
4  405 403 401 399
4  398 404 406 396
4  407 405 399 397
4  396 406 408 394
4  409 407 397 395
4  394 408 410 392
4  411 409 395 393
4  392 410 412 390
4  413 411 393 391
4  410 420 418 412
4  419 421 411 413
4  408 422 420 410
4  421 423 409 411
4  406 424 422 408
4  423 425 407 409
4  404 426 424 406
4  425 427 405 407
4  402 428 426 404
4  427 429 403 405
4  402 414 416 428
4  417 415 403 429
4  318 320 444 442
4  445 321 319 443
4  320 390 412 444
4  413 391 321 445
4  310 318 442 312
4  443 319 311 313
4  382 430 414 388
4  415 431 383 389
4  412 418 440 444
4  441 419 413 445
4  438 446 444 440
4  445 447 439 441
4  434 446 438 436
4  439 447 435 437
4  432 448 446 434
4  447 449 433 435
4  430 448 432 450
4  433 449 431 451
4  414 430 450 416
4  451 431 415 417
4  312 448 430 382
4  431 449 313 383
4  312 442 446 448
4  447 443 313 449
3  442 444 446
3  447 445 443
4  416 450 452 476
4  453 451 417 477
4  450 432 462 452
4  463 433 451 453
4  432 434 460 462
4  461 435 433 463
4  434 436 458 460
4  459 437 435 461
4  436 438 456 458
4  457 439 437 459
4  438 440 454 456
4  455 441 439 457
4  440 418 474 454
4  475 419 441 455
4  428 416 476 464
4  477 417 429 465
4  426 428 464 466
4  465 429 427 467
4  424 426 466 468
4  467 427 425 469
4  422 424 468 470
4  469 425 423 471
4  420 422 470 472
4  471 423 421 473
4  418 420 472 474
4  473 421 419 475
4  458 456 480 478
4  481 457 459 479
4  478 480 482 484
4  483 481 479 485
4  484 482 488 486
4  489 483 485 487
4  486 488 490 492
4  491 489 487 493
4  464 476 486 492
4  487 477 465 493
4  452 484 486 476
4  487 485 453 477
4  452 462 478 484
4  479 463 453 485
4  458 478 462 460
4  463 479 459 461
4  454 474 480 456
4  481 475 455 457
4  472 482 480 474
4  481 483 473 475
4  470 488 482 472
4  483 489 471 473
4  468 490 488 470
4  489 491 469 471
4  466 492 490 468
4  491 493 467 469
3  464 492 466
3  467 493 465
4  392 390 504 502
4  505 391 393 503
4  394 392 502 500
4  503 393 395 501
4  396 394 500 498
4  501 395 397 499
4  398 396 498 496
4  499 397 399 497
4  400 398 496 494
4  497 399 401 495
4  388 400 494 506
4  495 401 389 507
4  494 502 504 506
4  505 503 495 507
4  494 496 500 502
4  501 497 495 503
3  496 498 500
3  501 499 497
4  314 382 388 506
4  389 383 315 507
4  314 506 504 322
4  505 507 315 323
4  320 322 504 390