0 0 -200 0 0
200 200 200
1539
0 0 0
273 13 -9
270 16 168
-288 16 170
-288 16 -18
273 29 -9
270 32 168
-288 32 170
-288 32 -18
-8 16 174
283 16 74
-8 15 -19
-300 16 74
283 32 74
-8 32 174
-300 32 74
-8 31 -19
270 24 168
273 21 -9
-288 24 170
-288 24 -18
-8 23 -19
-300 24 74
-8 24 174
283 24 74
-8 32 74
-8 16 74
-288 20 -18
-288 28 -18
137 29 -11
-154 32 -29
273 25 -9
273 17 -9
-154 16 -29
137 12 -11
-8 27 -19
-154 24 -29
137 21 -11
-8 19 -19
-288 20 170
-288 28 170
-300 32 124
-300 32 24
-300 16 124
-300 16 24
-300 28 74
-300 24 124
-300 24 24
-300 20 74
270 28 168
270 20 168
137 32 172
-154 32 174
-154 16 174
137 16 172
-8 28 174
137 24 172
-154 24 174
-8 20 174
283 32 24
283 32 124
283 16 124
283 16 24
283 28 74
283 24 24
283 24 124
283 20 74
-154 32 74
-8 32 24
-8 32 124
137 32 74
-8 16 24
-154 16 74
137 16 74
-8 16 124
137 16 124
137 16 24
-154 16 24
137 32 124
-154 32 124
-154 32 24
283 20 124
283 28 124
283 28 24
-154 20 174
-154 28 174
137 28 172
-300 20 24
-300 28 24
-300 28 124
137 16 -11
137 25 -11
-154 28 -29
-154 20 -29
-300 20 124
137 20 172
283 20 24
137 32 24
-154 16 124
210 16 172
64 16 172
-8 16 99
-8 16 149
210 16 74
64 16 74
283 16 99
283 16 149
64 16 124
137 16 149
137 16 99
210 16 124
283 16 49
283 14 6
-8 16 49
-8 16 3
210 13 -14
64 11 -8
137 16 49
210 16 24
64 16 24
137 14 8
-227 16 -25
-81 16 -27
-81 16 74
-227 16 74
-300 16 2
-300 16 49
-81 16 24
-154 16 -4
-154 16 49
-227 16 24
283 32 149
283 32 99
64 32 74
210 32 74
-8 32 99
-8 32 149
210 32 172
64 32 172
137 32 99
210 32 124
64 32 124
137 32 149
-227 32 174
-81 32 174
-81 32 74
-227 32 74
-300 32 149
-300 32 99
-81 32 124
-154 32 149
-154 32 99
-227 32 124
-300 32 2
-300 32 49
-8 32 3
-8 32 49
-81 32 -27
-227 32 -25
-154 32 49
-227 32 24
-81 32 24
-154 32 -4
283 22 74
283 18 74
283 24 99
283 24 149
270 18 168
270 22 168
283 20 99
283 18 124
283 22 124
283 20 149
270 30 168
270 26 168
283 26 74
283 30 74
283 26 124
283 28 149
283 28 99
283 30 124
283 31 6
283 32 49
283 24 49
283 22 6
273 27 -9
273 23 -9
283 28 49
283 30 24
283 26 24
283 26 6
-227 16 174
-81 16 174
-8 18 174
-8 22 174
-227 24 174
-81 24 174
-288 18 170
-288 22 170
-81 20 174
-154 18 174
-154 22 174
-227 20 174
-288 30 170
-288 26 170
-8 30 174
-8 26 174
-154 26 174
-227 28 174
-81 28 174
-154 30 174
210 24 172
64 24 172
64 28 172
137 30 172
137 26 172
210 28 172
-300 18 74
-300 22 74
-300 24 2
-300 24 49
-288 18 -18
-288 22 -18
-300 20 49
-300 18 24
-300 22 24
-300 20 2
-288 26 -18
-288 30 -18
-300 26 74
-300 30 74
-300 26 24
-300 28 2
-300 28 49
-300 30 24
-300 24 149
-300 24 99
-300 28 99
-300 30 124
-300 26 124
-300 28 149
-8 17 -19
-8 21 -19
64 20 -8
210 21 -14
273 15 -9
273 19 -9
64 16 -8
137 14 -11
137 18 -11
210 17 -14
-8 29 -19
-8 25 -19
210 30 -14
64 28 -8
137 23 -11
210 25 -14
64 24 -8
137 27 -11
-227 24 -25
-81 24 -27
-81 28 -27
-154 30 -29
-154 26 -29
-227 28 -25
-154 22 -29
-227 20 -25
-81 20 -27
-154 18 -29
-300 16 149
-300 16 99
-300 22 124
-300 20 149
-300 20 99
-300 18 124
137 22 172
210 20 172
64 20 172
137 18 172
283 22 24
283 18 6
283 20 49
283 18 24
64 32 24
137 30 8
137 32 49
210 32 24
-154 16 99
-227 16 124
-81 16 124
-154 16 149
-81 16 149
-81 16 99
-227 16 99
210 32 49
64 32 49
64 29 11
283 18 49
283 22 49
283 20 6
64 18 172
64 22 172
210 22 172
-300 18 99
-300 22 99
-300 22 149
-81 18 -27
-81 22 -27
-227 22 -25
-227 26 -25
-81 26 -27
-81 30 -27
64 26 -8
64 22 -8
210 23 -14
210 19 -14
64 18 -8
64 14 -8
-300 26 149
-300 26 99
-300 30 99
-300 30 49
-300 26 49
-300 26 2
-300 22 2
-300 22 49
-300 18 49
210 26 172
64 26 172
64 30 172
-81 30 174
-81 26 174
-227 26 174
-227 22 174
-81 22 174
-81 18 174
283 24 6
283 26 49
283 30 49
283 30 99
283 26 99
283 26 149
283 22 149
283 22 99
283 18 99
-81 32 -2
-81 32 49
-227 32 49
-227 32 99
-81 32 99
-81 32 149
64 32 149
64 32 99
210 32 99
-227 16 49
-81 16 49
-81 16 -2
64 13 11
64 16 49
210 16 49
210 16 99
64 16 99
64 16 149
210 16 149
210 15 5
-227 16 0
210 32 149
-227 32 149
-227 32 0
283 18 149
283 30 149
283 29 6
-227 18 174
-227 30 174
210 30 172
-300 18 2
-300 30 2
-300 30 149
210 15 -14
210 27 -14
-227 30 -25
-227 18 -25
-300 18 149
210 18 172
283 16 6
210 31 5
-227 16 149
-118 16 174
-45 16 174
-154 16 162
-154 16 137
-45 16 124
-118 16 124
-8 16 137
-8 16 161
-118 16 149
-81 16 162
-81 16 137
-45 16 149
-8 16 87
-8 16 112
-154 16 87
-154 16 112
-45 16 74
-118 16 74
-81 16 112
-45 16 99
-118 16 99
-81 16 87
-264 16 74
-191 16 74
-264 16 124
-191 16 124
-300 16 87
-300 16 112
-191 16 99
-227 16 87
-227 16 112
-264 16 99
283 32 37
283 32 62
173 32 24
246 32 24
137 32 37
137 32 62
173 32 74
246 32 74
210 32 37
246 32 49
173 32 49
210 32 62
100 32 74
27 32 74
100 32 24
27 32 24
-8 32 37
-8 32 62
100 32 49
64 32 62
64 32 37
27 32 49
-8 31 -7
-8 32 12
137 29 1
137 32 13
100 28 -9
27 29 -12
64 31 16
27 30 7
100 30 9
64 28 4
283 16 62
283 16 37
283 17 24
283 19 24
283 20 62
283 20 37
283 17 74
283 19 74
283 18 37
283 17 49
283 19 49
283 18 62
283 23 74
283 21 74
283 23 24
283 21 24
283 24 62
283 24 37
283 21 49
283 22 62
283 22 37
283 23 49
283 24 11
283 21 0
283 17 0
283 20 11
273 18 -9
273 20 -9
283 22 11
283 21 6
283 19 6
283 19 0
27 16 172
100 16 172
137 19 172
137 17 172
100 20 172
27 20 172
-8 19 174
-8 17 174
100 18 172
64 17 172
64 19 172
27 18 172
-8 21 174
-8 23 174
137 21 172
137 23 172
100 24 172
27 24 172
64 21 172
27 22 172
100 22 172
64 23 172
246 24 172
173 24 172
246 20 172
173 20 172
270 21 168
270 23 168
173 22 172
210 23 172
210 21 172
246 22 172
-300 17 124
-300 19 124
-300 20 87
-300 20 112
-300 19 74
-300 17 74
-300 18 112
-300 17 99
-300 19 99
-300 18 87
-300 21 74
-300 23 74
-300 23 124
-300 21 124
-300 24 112
-300 24 87
-300 21 99
-300 22 87
-300 22 112
-300 23 99
-300 24 162
-300 24 137
-300 20 162
-300 20 137
-288 21 170
-288 23 170
-300 22 137
-300 23 149
-300 21 149
-300 22 162
-118 16 -29
-45 16 -25
-154 19 -29
-154 17 -29
-118 20 -29
-45 20 -25
-8 18 -19
-8 16 -19
-118 18 -29
-81 17 -27
-81 19 -27
-45 18 -25
-8 20 -19
-8 22 -19
-154 21 -29
-154 23 -29
-118 24 -29
-45 24 -25
-81 21 -27
-45 22 -25
-118 22 -29
-81 23 -27
-191 24 -27
-264 24 -23
-191 20 -27
-264 20 -23
-288 23 -18
-288 21 -18
-191 22 -27
-227 23 -25
-227 21 -25
-264 22 -23
-288 25 -18
-288 27 -18
-191 28 -27
-264 28 -23
-154 27 -29
-154 25 -29
-227 27 -25
-264 26 -23
-191 26 -27
-227 25 -25
-118 28 -29
-45 28 -25
-8 26 -19
-8 24 -19
-118 26 -29
-81 25 -27
-81 27 -27
-45 26 -25
-8 30 -19
-8 28 -19
-154 29 -29
-154 31 -29
-45 32 -25
-118 32 -29
-81 29 -27
-45 30 -25
-118 30 -29
-81 31 -27
137 28 -11
137 26 -11
27 25 -12
100 24 -9
100 26 -9
64 27 -8
64 25 -8
27 27 -12
137 22 -11
137 24 -11
100 20 -9
27 21 -12
64 23 -8
27 23 -12
100 22 -9
64 21 -8
173 21 -13
246 21 -12
246 25 -12
173 25 -13
273 24 -9
273 22 -9
173 23 -13
210 22 -14
210 24 -14
246 23 -12
246 17 -12
173 17 -13
137 19 -11
137 17 -11
210 18 -14
246 19 -12
173 19 -13
210 20 -14
27 17 -12
100 16 -9
100 18 -9
64 19 -8
64 17 -8
27 19 -12
137 13 -11
137 15 -11
27 13 -12
100 12 -9
64 15 -8
27 15 -12
100 14 -9
64 13 -8
-288 27 170
-288 25 170
-300 28 162
-300 28 137
-300 25 124
-300 27 124
-300 27 149
-300 26 162
-300 26 137
-300 25 149
-300 28 87
-300 28 112
-300 27 74
-300 25 74
-300 26 112
-300 25 99
-300 27 99
-300 26 87
-300 29 74
-300 31 74
-300 31 124
-300 29 124
-300 32 112
-300 32 87
-300 29 99
-300 30 87
-300 30 112
-300 31 99
-300 32 37
-300 32 62
-300 31 24
-300 29 24
-300 28 62
-300 28 37
-300 30 37
-300 31 49
-300 29 49
-300 30 62
-300 25 24
-300 27 24
-300 24 37
-300 24 62
-300 27 49
-300 26 62
-300 26 37
-300 25 49
-300 24 12
-300 24 -9
-300 28 -9
-300 28 12
-300 26 12
-300 25 2
-300 27 2
-300 26 -9
-300 20 12
-300 20 -9
-300 23 24
-300 21 24
-300 21 2
-300 22 -9
-300 22 12
-300 23 2
-300 20 62
-300 20 37
-300 22 37
-300 23 49
-300 21 49
-300 22 62
-300 19 24
-300 17 24
-300 16 62
-300 16 37
-300 19 49
-300 18 62
-300 18 37
-300 17 49
270 27 168
270 25 168
246 28 172
173 28 172
137 27 172
137 25 172
210 27 172
246 26 172
173 26 172
210 25 172
100 28 172
27 28 172
-8 27 174
-8 25 174
100 26 172
64 25 172
64 27 172
27 26 172
-8 29 174
-8 31 174
137 31 172
137 29 172
100 32 172
27 32 172
64 29 172
27 30 172
100 30 172
64 31 172
-118 32 174
-45 32 174
-154 29 174
-154 31 174
-118 28 174
-45 28 174
-118 30 174
-81 31 174
-81 29 174
-45 30 174
-154 27 174
-154 25 174
-118 24 174
-45 24 174
-81 27 174
-45 26 174
-118 26 174
-81 25 174
-191 24 174
-264 24 174
-264 28 174
-191 28 174
-191 26 174
-227 25 174
-227 27 174
-264 26 174
-264 20 174
-191 20 174
-154 23 174
-154 21 174
-227 21 174
-264 22 174
-191 22 174
-227 23 174
-45 20 174
-118 20 174
-118 22 174
-81 23 174
-81 21 174
-45 22 174
-154 17 174
-154 19 174
-81 19 174
-45 18 174
-118 18 174
-81 17 174
283 25 0
283 29 11
283 27 24
283 25 24
283 25 6
283 23 0
283 26 11
283 23 6
283 28 37
283 28 62
283 25 74
283 27 74
283 26 37
283 25 49
283 27 49
283 26 62
283 29 74
283 31 74
283 31 24
283 29 24
283 29 49
283 30 62
283 30 37
283 31 49
283 32 112
283 32 87
283 31 124
283 29 124
283 28 112
283 28 87
283 30 112
283 31 99
283 29 99
283 30 87
283 27 124
283 25 124
283 24 87
283 24 112
283 27 99
283 26 87
283 26 112
283 25 99
283 24 159
283 24 137
283 28 159
283 28 137
283 26 137
283 25 149
283 27 149
283 26 159
283 20 159
283 20 137
283 21 124
283 23 124
283 21 149
283 22 159
283 22 137
283 23 149
283 20 87
283 20 112
283 22 112
283 23 99
283 21 99
283 22 87
283 17 124
283 19 124
283 16 112
283 16 87
283 19 99
283 18 87
283 18 112
283 17 99
-154 32 -17
-154 32 12
-45 32 24
-118 32 24
-118 32 -4
-81 32 -15
-81 32 12
-45 32 0
-154 32 62
-154 32 37
-118 32 74
-45 32 74
-81 32 37
-45 32 49
-118 32 49
-81 32 62
-191 32 74
-264 32 74
-264 32 24
-191 32 24
-191 32 49
-227 32 62
-227 32 37
-264 32 49
-264 32 124
-191 32 124
-154 32 87
-154 32 112
-227 32 112
-264 32 99
-191 32 99
-227 32 87
-45 32 124
-118 32 124
-8 32 112
-8 32 87
-118 32 99
-81 32 87
-81 32 112
-45 32 99
-8 32 137
-8 32 161
-154 32 137
-154 32 162
-81 32 137
-45 32 149
-118 32 149
-81 32 162
137 32 159
137 32 137
27 32 124
100 32 124
100 32 149
64 32 159
64 32 137
27 32 149
137 32 87
137 32 112
64 32 112
27 32 99
100 32 99
64 32 87
246 32 124
173 32 124
173 32 99
210 32 87
210 32 112
246 32 99
-264 16 24
-191 16 24
-154 16 62
-154 16 37
-227 16 37
-264 16 49
-191 16 49
-227 16 62
-45 16 24
-118 16 24
-8 16 62
-8 16 37
-118 16 49
-81 16 62
-81 16 37
-45 16 49
-8 15 -7
-8 16 12
-154 16 -17
-154 16 12
-81 16 12
-45 16 0
-118 16 -4
-81 16 -15
137 12 1
137 16 13
27 16 24
100 16 24
100 13 9
64 11 4
64 15 16
27 14 7
137 16 62
137 16 37
27 16 74
100 16 74
64 16 37
27 16 49
100 16 49
64 16 62
246 16 74
173 16 74
246 16 24
173 16 24
173 16 49
210 16 62
210 16 37
246 16 49
246 16 124
173 16 124
137 16 87
137 16 112
210 16 112
246 16 99
173 16 99
210 16 87
27 16 124
100 16 124
100 16 99
64 16 87
64 16 112
27 16 99
137 16 137
137 16 159
64 16 137
27 16 149
100 16 149
64 16 159
246 16 172
173 16 172
283 16 137
283 16 159
173 16 149
210 16 159
210 16 137
246 16 149
283 13 0
283 16 11
246 13 -12
173 13 -13
210 17 10
246 14 6
173 14 5
210 13 -1
-191 16 -27
-264 16 -23
-300 16 -9
-300 16 12
-191 16 -2
-227 16 -13
-227 16 12
-264 16 1
283 32 137
283 32 159
173 32 172
246 32 172
210 32 137
246 32 149
173 32 149
210 32 159
-264 32 174
-191 32 174
-300 32 137
-300 32 162
-191 32 149
-227 32 162
-227 32 137
-264 32 149
-300 32 -9
-300 32 12
-191 32 -27
-264 32 -23
-227 32 12
-264 32 1
-191 32 -2
-227 32 -13
270 19 168
270 17 168
283 18 137
283 17 149
283 19 149
283 18 159
270 29 168
270 31 168
283 29 149
283 30 159
283 30 137
283 31 149
283 29 0
283 33 11
273 28 -9
273 26 -9
283 31 11
283 30 6
283 27 6
283 27 0
-191 16 174
-264 16 174
-288 17 170
-288 19 170
-191 18 174
-227 17 174
-227 19 174
-264 18 174
-288 29 170
-288 31 170
-227 29 174
-264 30 174
-191 30 174
-227 31 174
173 30 172
210 31 172
210 29 172
246 30 172
-288 17 -18
-288 19 -18
-300 18 12
-300 17 2
-300 19 2
-300 18 -9
-288 31 -18
-288 29 -18
-300 29 2
-300 30 -9
-300 30 12
-300 31 2
-300 30 137
-300 31 149
-300 29 149
-300 30 162
273 16 -9
273 14 -9
173 15 -13
210 14 -14
210 16 -14
246 15 -12
173 29 -13
246 29 -12
210 26 -14
246 27 -12
173 27 -13
210 29 -14
-191 30 -27
-227 31 -25
-227 29 -25
-264 30 -23
-227 19 -25
-264 18 -23
-191 18 -27
-227 17 -25
-300 16 162
-300 16 137
-300 19 149
-300 18 162
-300 18 137
-300 17 149
210 19 172
246 18 172
173 18 172
210 17 172
283 17 6
283 15 0
283 18 11
283 15 6
173 31 5
210 30 -1
210 33 10
246 31 6
-227 16 137
-264 16 149
-191 16 149
-227 16 162
-191 16 162
-191 16 137
-264 16 137
246 33 11
173 33 10
173 29 -1
283 17 11
283 19 11
283 16 0
173 17 172
173 19 172
246 19 172
-300 17 137
-300 19 137
-300 19 162
-191 17 -27
-191 19 -27
-264 19 -23
-264 29 -23
-191 29 -27
-191 31 -27
173 28 -13
173 26 -13
246 26 -12
246 16 -12
173 16 -13
173 14 -13
-300 29 162
-300 29 137
-300 31 137
-300 31 12
-300 29 12
-300 29 -9
-300 19 -9
-300 19 12
-300 17 12
246 29 172
173 29 172
173 31 172
-191 31 174
-191 29 174
-264 29 174
-264 19 174
-191 19 174
-191 17 174
283 26 0
283 30 11
283 32 11
283 31 137
283 29 137
283 29 159
283 19 159
283 19 137
283 17 137
-191 32 -15
-191 32 12
-264 32 12
-264 32 137
-191 32 137
-191 32 162
173 32 159
173 32 137
246 32 137
-264 16 12
-191 16 12
-191 16 -15
173 13 -1
173 16 10
246 16 11
246 16 137
173 16 137
173 16 159
100 16 159
100 16 137
27 16 137
27 16 112
100 16 112
100 16 87
173 16 87
173 16 112
246 16 112
246 16 37
173 16 37
173 16 62
100 16 62
100 16 37
27 16 37
27 16 13
100 15 14
100 12 2
-118 16 -17
-118 16 12
-45 16 12
-45 16 37
-118 16 37
-118 16 62
-191 16 62
-191 16 37
-264 16 37
246 32 112
173 32 112
173 32 87
100 32 87
100 32 112
27 32 112
27 32 137
100 32 137
100 32 159
-118 32 162
-118 32 137
-45 32 137
-45 32 112
-118 32 112
-118 32 87
-191 32 87
-191 32 112
-264 32 112
-264 32 37
-191 32 37
-191 32 62
-118 32 62
-118 32 37
-45 32 37
-45 32 12
-118 32 12
-118 32 -17
283 17 112
283 19 112
283 19 87
283 21 87
283 21 112
283 23 112
283 23 137
283 21 137
283 21 159
283 27 159
283 27 137
283 25 137
283 25 112
283 27 112
283 27 87
283 29 87
283 29 112
283 31 112
283 31 37
283 29 37
283 29 62
283 27 62
283 27 37
283 25 37
283 25 11
283 27 11
283 24 0
-118 17 174
-118 19 174
-45 19 174
-45 21 174
-118 21 174
-118 23 174
-191 23 174
-191 21 174
-264 21 174
-264 27 174
-191 27 174
-191 25 174
-118 25 174
-118 27 174
-45 27 174
-45 29 174
-118 29 174
-118 31 174
100 31 172
100 29 172
27 29 172
27 27 172
100 27 172
100 25 172
173 25 172
173 27 172
246 27 172
-300 17 37
-300 19 37
-300 19 62
-300 21 62
-300 21 37
-300 23 37
-300 23 12
-300 21 12
-300 21 -9
-300 27 -9
-300 27 12
-300 25 12
-300 25 37
-300 27 37
-300 27 62
-300 29 62
-300 29 37
-300 31 37
-300 31 112
-300 29 112
-300 29 87
-300 27 87
-300 27 112
-300 25 112
-300 25 137
-300 27 137
-300 27 162
100 13 -9
100 15 -9
27 16 -12
27 18 -12
100 17 -9
100 19 -9
173 20 -13
173 18 -13
246 18 -12
246 24 -12
173 24 -13
173 22 -13
100 21 -9
100 23 -9
27 24 -12
27 26 -12
100 25 -9
100 27 -9
-118 31 -29
-118 29 -29
-45 29 -25
-45 27 -25
-118 27 -29
-118 25 -29
-191 25 -27
-191 27 -27
-264 27 -23
-264 21 -23
-191 21 -27
-191 23 -27
-118 23 -29
-118 21 -29
-45 21 -25
-45 19 -25
-118 19 -29
-118 17 -29
-300 21 162
-300 21 137
-300 23 137
-300 23 112
-300 21 112
-300 21 87
-300 19 87
-300 19 112
-300 17 112
246 21 172
173 21 172
173 23 172
100 23 172
100 21 172
27 21 172
27 19 172
100 19 172
100 17 172
283 18 0
283 21 11
283 23 11
283 23 37
283 21 37
283 21 62
283 19 62
283 19 37
283 17 37
100 28 2
100 32 14
27 32 13
27 32 37
100 32 37
100 32 62
173 32 62
173 32 37
246 32 37
-264 16 112
-191 16 112
-191 16 87
-118 16 87
-118 16 112
-45 16 112
-45 16 137
-118 16 137
-118 16 162
-45 16 161
-45 16 87
-264 16 87
246 32 62
27 32 62
27 29 0
283 17 62
283 23 62
283 20 0
27 17 172
27 23 172
246 23 172
-300 17 87
-300 23 87
-300 23 162
-45 17 -25
-45 23 -25
-264 23 -23
-264 25 -23
-45 25 -25
-45 31 -25
27 28 -12
27 22 -12
246 22 -12
246 20 -12
27 20 -12
27 14 -12
-300 25 162
-300 25 87
-300 31 87
-300 31 62
-300 25 62
-300 25 -9
-300 23 -9
-300 23 62
-300 17 62
246 25 172
27 25 172
27 31 172
-45 31 174
-45 25 174
-264 25 174
-264 23 174
-45 23 174
-45 17 174
283 22 0
283 25 62
283 31 62
283 31 87
283 25 87
283 25 159
283 23 159
283 23 87
283 17 87
-45 32 -12
-45 32 62
-264 32 62
-264 32 87
-45 32 87
-45 32 161
27 32 159
27 32 87
246 32 87
-264 16 62
-45 16 62
-45 16 -12
27 13 0
27 16 62
246 16 62
246 16 87
27 16 87
27 16 159
246 16 159
246 13 0
-264 16 -11
246 32 159
-264 32 162
-264 32 -11
283 17 159
283 31 159
283 28 0
-264 17 174
-264 31 174
246 31 172
-300 17 -9
-300 31 -9
-300 31 162
246 14 -12
246 28 -12
-264 31 -23
-264 17 -23
-300 17 162
246 17 172
283 14 0
246 29 0
-264 16 162
3 3 1133 1538 1080
4  5 1120 1537 1071
4  1 1114 1536 1019
4  2 1060 1535 1011
4  3 1081 1534 1133
4  4 1097 1533 1028
4  8 1054 1532 1103
4  5 1073 1531 1120
4  1 1021 1530 1114
4  7 1046 1529 1088
4  8 1103 1528 1051
4  4 1029 1527 1097
4  6 1038 1526 1066
4  7 1088 1525 1043
4  3 1080 1524 1081
4  5 1071 1523 1073
4  6 1066 1522 1036
4  2 1014 1521 1060
4  8 1051 1520 1054
4  7 1043 1519 1046
4  6 1036 1518 1038
4  4 1028 1517 1029
4  1 1019 1516 1021
4  2 1011 1515 1014
4  9 394 1514 483
4  26 977 1513 399
4  10 870 1512 983
4  10 983 1511 451
4  26 953 1510 977
4  11 647 1509 959
4  11 959 1508 546
4  26 403 1507 953
4  12 723 1506 409
4  13 426 1505 828
4  25 910 1504 432
4  14 752 1503 916
4  14 916 1502 758
4  25 886 1501 910
4  15 676 1500 892
4  15 892 1499 682
4  25 436 1498 886
4  16 599 1497 441
4  10 457 1496 870
4  24 839 1495 463
4  17 510 1494 845
4  17 845 1493 730
4  24 813 1492 839
4  13 828 1491 820
4  13 820 1490 420
4  24 467 1489 813
4  18 626 1488 474
4  9 490 1487 388
4  23 770 1486 496
4  19 540 1485 776
4  19 776 1484 654
4  23 742 1483 770
4  14 758 1482 748
4  14 748 1481 752
4  23 500 1480 742
4  17 730 1479 505
4  12 520 1478 723
4  22 694 1477 526
4  20 571 1476 700
4  20 700 1475 577
4  22 666 1474 694
4  15 682 1473 672
4  15 672 1472 676
4  22 530 1471 666
4  19 654 1470 535
4  11 552 1469 647
4  21 616 1468 558
4  18 478 1467 622
4  18 622 1466 626
4  21 590 1465 616
4  16 446 1464 595
4  16 595 1463 599
4  21 562 1462 590
4  20 577 1461 568
4  20 568 1460 571
4  21 558 1459 562
4  11 546 1458 552
4  19 535 1457 540
4  22 526 1456 530
4  12 413 1455 520
4  17 505 1454 510
4  23 496 1453 500
4  9 483 1452 490
4  18 474 1451 478
4  24 463 1450 467
4  10 451 1449 457
4  16 441 1448 446
4  25 432 1447 436
4  13 420 1446 426
4  12 409 1445 413
4  26 399 1444 403
4  9 388 1443 394
4  53 389 1442 387
4  98 392 1441 390
4  74 393 1440 391
4  74 391 1439 400
4  98 402 1438 392
4  72 404 1437 401
4  72 401 1436 410
4  98 412 1435 402
4  43 414 1434 411
4  59 422 1433 419
4  97 423 1432 421
4  70 425 1431 424
4  70 424 1430 431
4  97 433 1429 423
4  68 435 1428 434
4  68 434 1427 442
4  97 444 1426 433
4  29 445 1425 443
4  62 453 1424 452
4  96 456 1423 454
4  66 458 1422 455
4  66 455 1421 464
4  96 466 1420 456
4  64 468 1419 465
4  64 465 1418 473
4  96 476 1417 466
4  32 477 1416 475
4  54 486 1415 484
4  95 487 1414 485
4  58 489 1413 488
4  58 488 1412 495
4  95 497 1411 487
4  56 499 1410 498
4  56 498 1409 506
4  95 508 1408 497
4  50 509 1407 507
4  43 515 1406 414
4  94 518 1405 516
4  48 519 1404 517
4  48 517 1403 525
4  94 528 1402 518
4  46 529 1401 527
4  46 527 1400 536
4  94 538 1399 528
4  39 539 1398 537
4  33 548 1397 545
4  93 549 1396 547
4  38 551 1395 550
4  38 550 1394 557
4  93 559 1393 549
4  36 561 1392 560
4  36 560 1391 567
4  93 569 1390 559
4  27 572 1389 570
4  28 580 1388 578
4  92 581 1387 579
4  36 567 1386 582
4  36 582 1385 561
4  92 587 1384 581
4  35 589 1383 588
4  35 588 1382 596
4  92 597 1381 587
4  30 600 1380 598
4  29 605 1379 445
4  91 608 1378 606
4  35 596 1377 607
4  35 607 1376 589
4  91 614 1375 608
4  37 615 1374 613
4  37 613 1373 621
4  91 624 1372 614
4  31 625 1371 623
4  32 631 1370 477
4  90 634 1369 632
4  37 621 1368 633
4  37 633 1367 615
4  90 640 1366 634
4  38 557 1365 639
4  38 639 1364 551
4  90 646 1363 640
4  34 648 1362 645
4  40 655 1361 653
4  89 658 1360 656
4  46 536 1359 657
4  46 657 1358 529
4  89 664 1357 658
4  45 665 1356 663
4  45 663 1355 671
4  89 674 1354 664
4  41 675 1353 673
4  42 683 1352 681
4  88 686 1351 684
4  45 671 1350 685
4  45 685 1349 665
4  88 692 1348 686
4  47 693 1347 691
4  47 691 1346 699
4  88 702 1345 692
4  28 578 1344 701
4  27 708 1343 572
4  87 710 1342 707
4  47 699 1341 709
4  47 709 1340 693
4  87 716 1339 710
4  48 525 1338 715
4  48 715 1337 519
4  87 721 1336 716
4  44 724 1335 722
4  49 731 1334 729
4  86 733 1333 732
4  56 506 1332 734
4  56 734 1331 499
4  86 739 1330 733
4  55 741 1329 740
4  55 740 1328 747
4  86 750 1327 739
4  51 751 1326 749
4  52 760 1325 757
4  85 761 1324 759
4  55 747 1323 762
4  55 762 1322 741
4  85 767 1321 761
4  57 769 1320 768
4  57 768 1319 775
4  85 778 1318 767
4  40 653 1317 777
4  39 783 1316 539
4  84 786 1315 784
4  57 775 1314 785
4  57 785 1313 769
4  84 792 1312 786
4  58 495 1311 791
4  58 791 1310 489
4  84 798 1309 792
4  53 387 1308 797
4  31 803 1307 625
4  83 805 1306 804
4  64 473 1305 806
4  64 806 1304 468
4  83 811 1303 805
4  63 814 1302 812
4  63 812 1301 819
4  83 822 1300 811
4  59 419 1299 821
4  60 829 1298 827
4  82 831 1297 830
4  63 819 1296 832
4  63 832 1295 814
4  82 837 1294 831
4  65 840 1293 838
4  65 838 1292 846
4  82 848 1291 837
4  49 729 1290 847
4  50 853 1289 509
4  81 855 1288 854
4  65 846 1287 856
4  65 856 1286 840
4  81 862 1285 855
4  66 464 1284 861
4  66 861 1283 458
4  81 868 1282 862
4  61 869 1281 867
4  30 875 1280 600
4  80 878 1279 876
4  68 442 1278 877
4  68 877 1277 435
4  80 884 1276 878
4  67 885 1275 883
4  67 883 1274 891
4  80 894 1273 884
4  42 681 1272 893
4  41 899 1271 675
4  79 902 1270 900
4  67 891 1269 901
4  67 901 1268 885
4  79 908 1267 902
4  69 909 1266 907
4  69 907 1265 915
4  79 917 1264 908
4  52 757 1263 918
4  51 923 1262 751
4  78 926 1261 924
4  69 915 1260 925
4  69 925 1259 909
4  78 932 1258 926
4  70 431 1257 931
4  70 931 1256 425
4  78 938 1255 932
4  60 827 1254 937
4  44 943 1253 724
4  77 946 1252 944
4  72 410 1251 945
4  72 945 1250 404
4  77 952 1249 946
4  71 954 1248 951
4  71 951 1247 960
4  77 962 1246 952
4  33 545 1245 961
4  34 967 1244 648
4  76 970 1243 968
4  71 960 1242 969
4  71 969 1241 954
4  76 976 1240 970
4  73 978 1239 975
4  73 975 1238 984
4  76 986 1237 976
4  62 452 1236 985
4  61 991 1235 869
4  75 994 1234 992
4  73 984 1233 993
4  73 993 1232 978
4  75 1000 1231 994
4  74 400 1230 999
4  74 999 1229 393
4  75 1005 1228 1000
4  54 484 1227 1006
4  54 1006 1226 1012
4  75 992 1225 1005
4  61 1013 1224 991
4  62 985 1223 1020
4  76 968 1222 986
4  34 1022 1221 967
4  33 961 1220 1027
4  77 944 1219 962
4  44 1030 1218 943
4  60 937 1217 1035
4  78 924 1216 938
4  51 1037 1215 923
4  52 918 1214 1044
4  79 900 1213 917
4  41 1045 1212 899
4  42 893 1211 1052
4  80 876 1210 894
4  30 1053 1209 875
4  61 867 1208 1013
4  81 854 1207 868
4  50 1059 1206 853
4  49 847 1205 1065
4  82 830 1204 848
4  60 1035 1203 829
4  59 821 1202 1072
4  83 804 1201 822
4  31 1074 1200 803
4  53 797 1199 1079
4  84 784 1198 798
4  39 1082 1197 783
4  40 777 1196 1087
4  85 759 1195 778
4  52 1044 1194 760
4  51 749 1193 1037
4  86 732 1192 750
4  49 1065 1191 731
4  44 722 1190 1030
4  87 707 1189 721
4  27 1098 1188 708
4  28 701 1187 1104
4  88 684 1186 702
4  42 1052 1185 683
4  41 673 1184 1045
4  89 656 1183 674
4  40 1087 1182 655
4  34 645 1181 1022
4  90 632 1180 646
4  32 1113 1179 631
4  31 623 1178 1074
4  91 606 1177 624
4  29 1119 1176 605
4  30 598 1175 1053
4  92 579 1174 597
4  28 1104 1173 580
4  27 570 1172 1098
4  93 547 1171 569
4  33 1027 1170 548
4  39 537 1169 1082
4  94 516 1168 538
4  43 1134 1167 515
4  50 507 1166 1059
4  95 485 1165 508
4  54 1012 1164 486
4  32 475 1163 1113
4  96 454 1162 476
4  62 1020 1161 453
4  29 443 1160 1119
4  97 421 1159 444
4  59 1072 1158 422
4  43 411 1157 1134
4  98 390 1156 412
4  53 1079 1155 389
4  191 1154 1155 1079
4  386 1153 1155 1154
4  290 389 1155 1153
4  290 1153 1156 390
4  386 1151 1156 1153
4  288 412 1156 1151
4  288 1151 1157 411
4  386 1152 1157 1151
4  269 1134 1157 1152
4  181 1150 1158 1072
4  385 1149 1158 1150
4  286 422 1158 1149
4  286 1149 1159 421
4  385 1147 1159 1149
4  284 444 1159 1147
4  284 1147 1160 443
4  385 1148 1160 1147
4  253 1119 1160 1148
4  112 1146 1161 1020
4  384 1145 1161 1146
4  282 453 1161 1145
4  282 1145 1162 454
4  384 1143 1162 1145
4  280 476 1162 1143
4  280 1143 1163 475
4  384 1144 1163 1143
4  245 1113 1163 1144
4  99 1142 1164 1012
4  383 1141 1164 1142
4  278 486 1164 1141
4  278 1141 1165 485
4  383 1139 1165 1141
4  276 508 1165 1139
4  276 1139 1166 507
4  383 1140 1166 1139
4  167 1059 1166 1140
4  269 1138 1167 1134
4  382 1137 1167 1138
4  274 515 1167 1137
4  274 1137 1168 516
4  382 1135 1168 1137
4  272 538 1168 1135
4  272 1135 1169 537
4  382 1136 1169 1135
4  197 1082 1169 1136
4  121 1132 1170 1027
4  381 1131 1170 1132
4  268 548 1170 1131
4  268 1131 1171 547
4  381 1129 1171 1131
4  266 569 1171 1129
4  266 1129 1172 570
4  381 1130 1172 1129
4  221 1098 1172 1130
4  228 1128 1173 1104
4  380 1127 1173 1128
4  264 580 1173 1127
4  264 1127 1174 579
4  380 1125 1174 1127
4  262 597 1174 1125
4  262 1125 1175 598
4  380 1126 1175 1125
4  158 1053 1175 1126
4  253 1124 1176 1119
4  379 1123 1176 1124
4  258 605 1176 1123
4  258 1123 1177 606
4  379 1121 1177 1123
4  256 624 1177 1121
4  256 1121 1178 623
4  379 1122 1178 1121
4  185 1074 1178 1122
4  245 1118 1179 1113
4  378 1117 1179 1118
4  250 631 1179 1117
4  250 1117 1180 632
4  378 1115 1180 1117
4  248 646 1180 1115
4  248 1115 1181 645
4  378 1116 1181 1115
4  115 1022 1181 1116
4  203 1112 1182 1087
4  377 1111 1182 1112
4  240 655 1182 1111
4  240 1111 1183 656
4  377 1109 1183 1111
4  238 674 1183 1109
4  238 1109 1184 673
4  377 1110 1184 1109
4  147 1045 1184 1110
4  153 1108 1185 1052
4  376 1107 1185 1108
4  234 683 1185 1107
4  234 1107 1186 684
4  376 1105 1186 1107
4  232 702 1186 1105
4  232 1105 1187 701
4  376 1106 1187 1105
4  228 1104 1187 1106
4  221 1102 1188 1098
4  375 1101 1188 1102
4  226 708 1188 1101
4  226 1101 1189 707
4  375 1099 1189 1101
4  224 721 1189 1099
4  224 1099 1190 722
4  375 1100 1190 1099
4  125 1030 1190 1100
4  173 1096 1191 1065
4  374 1095 1191 1096
4  216 731 1191 1095
4  216 1095 1192 732
4  374 1093 1192 1095
4  214 750 1192 1093
4  214 1093 1193 749
4  374 1094 1193 1093
4  137 1037 1193 1094
4  143 1092 1194 1044
4  373 1091 1194 1092
4  210 760 1194 1091
4  210 1091 1195 759
4  373 1089 1195 1091
4  208 778 1195 1089
4  208 1089 1196 777
4  373 1090 1196 1089
4  203 1087 1196 1090
4  197 1086 1197 1082
4  372 1085 1197 1086
4  202 783 1197 1085
4  202 1085 1198 784
4  372 1083 1198 1085
4  200 798 1198 1083
4  200 1083 1199 797
4  372 1084 1199 1083
4  191 1079 1199 1084
4  185 1078 1200 1074
4  371 1077 1200 1078
4  190 803 1200 1077
4  190 1077 1201 804
4  371 1075 1201 1077
4  188 822 1201 1075
4  188 1075 1202 821
4  371 1076 1202 1075
4  181 1072 1202 1076
4  131 1070 1203 1035
4  370 1069 1203 1070
4  180 829 1203 1069
4  180 1069 1204 830
4  370 1067 1204 1069
4  178 848 1204 1067
4  178 1067 1205 847
4  370 1068 1205 1067
4  173 1065 1205 1068
4  167 1064 1206 1059
4  369 1063 1206 1064
4  172 853 1206 1063
4  172 1063 1207 854
4  369 1061 1207 1063
4  170 868 1207 1061
4  170 1061 1208 867
4  369 1062 1208 1061
4  106 1013 1208 1062
4  158 1058 1209 1053
4  368 1057 1209 1058
4  162 875 1209 1057
4  162 1057 1210 876
4  368 1055 1210 1057
4  160 894 1210 1055
4  160 1055 1211 893
4  368 1056 1211 1055
4  153 1052 1211 1056
4  147 1050 1212 1045
4  367 1049 1212 1050
4  152 899 1212 1049
4  152 1049 1213 900
4  367 1047 1213 1049
4  150 917 1213 1047
4  150 1047 1214 918
4  367 1048 1214 1047
4  143 1044 1214 1048
4  137 1042 1215 1037
4  366 1041 1215 1042
4  142 923 1215 1041
4  142 1041 1216 924
4  366 1039 1216 1041
4  140 938 1216 1039
4  140 1039 1217 937
4  366 1040 1217 1039
4  131 1035 1217 1040
4  125 1034 1218 1030
4  365 1033 1218 1034
4  130 943 1218 1033
4  130 1033 1219 944
4  365 1031 1219 1033
4  128 962 1219 1031
4  128 1031 1220 961
4  365 1032 1220 1031
4  121 1027 1220 1032
4  115 1026 1221 1022
4  364 1025 1221 1026
4  120 967 1221 1025
4  120 1025 1222 968
4  364 1023 1222 1025
4  118 986 1222 1023
4  118 1023 1223 985
4  364 1024 1223 1023
4  112 1020 1223 1024
4  106 1018 1224 1013
4  363 1017 1224 1018
4  110 991 1224 1017
4  110 1017 1225 992
4  363 1015 1225 1017
4  108 1005 1225 1015
4  108 1015 1226 1006
4  363 1016 1226 1015
4  99 1012 1226 1016
4  100 1010 1227 484
4  362 1009 1227 1010
4  108 1006 1227 1009
4  108 1009 1228 1005
4  362 1007 1228 1009
4  107 1000 1228 1007
4  107 1007 1229 999
4  362 1008 1229 1007
4  102 393 1229 1008
4  101 1004 1230 400
4  361 1003 1230 1004
4  107 999 1230 1003
4  107 1003 1231 1000
4  361 1001 1231 1003
4  109 994 1231 1001
4  109 1001 1232 993
4  361 1002 1232 1001
4  104 978 1232 1002
4  103 998 1233 984
4  360 997 1233 998
4  109 993 1233 997
4  109 997 1234 994
4  360 995 1234 997
4  110 992 1234 995
4  110 995 1235 991
4  360 996 1235 995
4  105 869 1235 996
4  111 990 1236 452
4  359 989 1236 990
4  118 985 1236 989
4  118 989 1237 986
4  359 987 1237 989
4  117 976 1237 987
4  117 987 1238 975
4  359 988 1238 987
4  103 984 1238 988
4  104 982 1239 978
4  358 981 1239 982
4  117 975 1239 981
4  117 981 1240 976
4  358 979 1240 981
4  119 970 1240 979
4  119 979 1241 969
4  358 980 1241 979
4  113 954 1241 980
4  114 974 1242 960
4  357 973 1242 974
4  119 969 1242 973
4  119 973 1243 970
4  357 971 1243 973
4  120 968 1243 971
4  120 971 1244 967
4  357 972 1244 971
4  116 648 1244 972
4  122 966 1245 545
4  356 965 1245 966
4  128 961 1245 965
4  128 965 1246 962
4  356 963 1246 965
4  127 952 1246 963
4  127 963 1247 951
4  356 964 1247 963
4  114 960 1247 964
4  113 958 1248 954
4  355 957 1248 958
4  127 951 1248 957
4  127 957 1249 952
4  355 955 1249 957
4  129 946 1249 955
4  129 955 1250 945
4  355 956 1250 955
4  123 404 1250 956
4  124 950 1251 410
4  354 949 1251 950
4  129 945 1251 949
4  129 949 1252 946
4  354 947 1252 949
4  130 944 1252 947
4  130 947 1253 943
4  354 948 1253 947
4  126 724 1253 948
4  132 942 1254 827
4  353 941 1254 942
4  140 937 1254 941
4  140 941 1255 938
4  353 939 1255 941
4  139 932 1255 939
4  139 939 1256 931
4  353 940 1256 939
4  134 425 1256 940
4  133 936 1257 431
4  352 935 1257 936
4  139 931 1257 935
4  139 935 1258 932
4  352 933 1258 935
4  141 926 1258 933
4  141 933 1259 925
4  352 934 1259 933
4  135 909 1259 934
4  136 930 1260 915
4  351 929 1260 930
4  141 925 1260 929
4  141 929 1261 926
4  351 927 1261 929
4  142 924 1261 927
4  142 927 1262 923
4  351 928 1262 927
4  138 751 1262 928
4  144 922 1263 757
4  350 921 1263 922
4  150 918 1263 921
4  150 921 1264 917
4  350 919 1264 921
4  149 908 1264 919
4  149 919 1265 907
4  350 920 1265 919
4  136 915 1265 920
4  135 914 1266 909
4  349 913 1266 914
4  149 907 1266 913
4  149 913 1267 908
4  349 911 1267 913
4  151 902 1267 911
4  151 911 1268 901
4  349 912 1268 911
4  145 885 1268 912
4  146 906 1269 891
4  348 905 1269 906
4  151 901 1269 905
4  151 905 1270 902
4  348 903 1270 905
4  152 900 1270 903
4  152 903 1271 899
4  348 904 1271 903
4  148 675 1271 904
4  154 898 1272 681
4  347 897 1272 898
4  160 893 1272 897
4  160 897 1273 894
4  347 895 1273 897
4  159 884 1273 895
4  159 895 1274 883
4  347 896 1274 895
4  146 891 1274 896
4  145 890 1275 885
4  346 889 1275 890
4  159 883 1275 889
4  159 889 1276 884
4  346 887 1276 889
4  161 878 1276 887
4  161 887 1277 877
4  346 888 1277 887
4  156 435 1277 888
4  155 882 1278 442
4  345 881 1278 882
4  161 877 1278 881
4  161 881 1279 878
4  345 879 1279 881
4  162 876 1279 879
4  162 879 1280 875
4  345 880 1280 879
4  157 600 1280 880
4  105 874 1281 869
4  344 873 1281 874
4  170 867 1281 873
4  170 873 1282 868
4  344 871 1282 873
4  169 862 1282 871
4  169 871 1283 861
4  344 872 1283 871
4  164 458 1283 872
4  163 866 1284 464
4  343 865 1284 866
4  169 861 1284 865
4  169 865 1285 862
4  343 863 1285 865
4  171 855 1285 863
4  171 863 1286 856
4  343 864 1286 863
4  165 840 1286 864
4  166 860 1287 846
4  342 859 1287 860
4  171 856 1287 859
4  171 859 1288 855
4  342 857 1288 859
4  172 854 1288 857
4  172 857 1289 853
4  342 858 1289 857
4  168 509 1289 858
4  174 852 1290 729
4  341 851 1290 852
4  178 847 1290 851
4  178 851 1291 848
4  341 849 1291 851
4  177 837 1291 849
4  177 849 1292 838
4  341 850 1292 849
4  166 846 1292 850
4  165 844 1293 840
4  340 843 1293 844
4  177 838 1293 843
4  177 843 1294 837
4  340 841 1294 843
4  179 831 1294 841
4  179 841 1295 832
4  340 842 1295 841
4  175 814 1295 842
4  176 836 1296 819
4  339 835 1296 836
4  179 832 1296 835
4  179 835 1297 831
4  339 833 1297 835
4  180 830 1297 833
4  180 833 1298 829
4  339 834 1298 833
4  132 827 1298 834
4  182 826 1299 419
4  338 825 1299 826
4  188 821 1299 825
4  188 825 1300 822
4  338 823 1300 825
4  187 811 1300 823
4  187 823 1301 812
4  338 824 1301 823
4  176 819 1301 824
4  175 818 1302 814
4  337 817 1302 818
4  187 812 1302 817
4  187 817 1303 811
4  337 815 1303 817
4  189 805 1303 815
4  189 815 1304 806
4  337 816 1304 815
4  183 468 1304 816
4  184 810 1305 473
4  336 809 1305 810
4  189 806 1305 809
4  189 809 1306 805
4  336 807 1306 809
4  190 804 1306 807
4  190 807 1307 803
4  336 808 1307 807
4  186 625 1307 808
4  192 802 1308 387
4  335 801 1308 802
4  200 797 1308 801
4  200 801 1309 798
4  335 799 1309 801
4  199 792 1309 799
4  199 799 1310 791
4  335 800 1310 799
4  193 489 1310 800
4  194 796 1311 495
4  334 795 1311 796
4  199 791 1311 795
4  199 795 1312 792
4  334 793 1312 795
4  201 786 1312 793
4  201 793 1313 785
4  334 794 1313 793
4  196 769 1313 794
4  195 790 1314 775
4  333 789 1314 790
4  201 785 1314 789
4  201 789 1315 786
4  333 787 1315 789
4  202 784 1315 787
4  202 787 1316 783
4  333 788 1316 787
4  198 539 1316 788
4  204 782 1317 653
4  332 781 1317 782
4  208 777 1317 781
4  208 781 1318 778
4  332 779 1318 781
4  207 767 1318 779
4  207 779 1319 768
4  332 780 1319 779
4  195 775 1319 780
4  196 774 1320 769
4  331 773 1320 774
4  207 768 1320 773
4  207 773 1321 767
4  331 771 1321 773
4  209 761 1321 771
4  209 771 1322 762
4  331 772 1322 771
4  206 741 1322 772
4  205 766 1323 747
4  330 765 1323 766
4  209 762 1323 765
4  209 765 1324 761
4  330 763 1324 765
4  210 759 1324 763
4  210 763 1325 760
4  330 764 1325 763
4  144 757 1325 764
4  138 756 1326 751
4  329 755 1326 756
4  214 749 1326 755
4  214 755 1327 750
4  329 753 1327 755
4  213 739 1327 753
4  213 753 1328 740
4  329 754 1328 753
4  205 747 1328 754
4  206 746 1329 741
4  328 745 1329 746
4  213 740 1329 745
4  213 745 1330 739
4  328 743 1330 745
4  215 733 1330 743
4  215 743 1331 734
4  328 744 1331 743
4  212 499 1331 744
4  211 738 1332 506
4  327 737 1332 738
4  215 734 1332 737
4  215 737 1333 733
4  327 735 1333 737
4  216 732 1333 735
4  216 735 1334 731
4  327 736 1334 735
4  174 729 1334 736
4  126 728 1335 724
4  326 727 1335 728
4  224 722 1335 727
4  224 727 1336 721
4  326 725 1336 727
4  223 716 1336 725
4  223 725 1337 715
4  326 726 1337 725
4  217 519 1337 726
4  218 720 1338 525
4  325 719 1338 720
4  223 715 1338 719
4  223 719 1339 716
4  325 717 1339 719
4  225 710 1339 717
4  225 717 1340 709
4  325 718 1340 717
4  220 693 1340 718
4  219 714 1341 699
4  324 713 1341 714
4  225 709 1341 713
4  225 713 1342 710
4  324 711 1342 713
4  226 707 1342 711
4  226 711 1343 708
4  324 712 1343 711
4  222 572 1343 712
4  227 706 1344 578
4  323 705 1344 706
4  232 701 1344 705
4  232 705 1345 702
4  323 703 1345 705
4  231 692 1345 703
4  231 703 1346 691
4  323 704 1346 703
4  219 699 1346 704
4  220 698 1347 693
4  322 697 1347 698
4  231 691 1347 697
4  231 697 1348 692
4  322 695 1348 697
4  233 686 1348 695
4  233 695 1349 685
4  322 696 1349 695
4  229 665 1349 696
4  230 690 1350 671
4  321 689 1350 690
4  233 685 1350 689
4  233 689 1351 686
4  321 687 1351 689
4  234 684 1351 687
4  234 687 1352 683
4  321 688 1352 687
4  154 681 1352 688
4  148 680 1353 675
4  320 679 1353 680
4  238 673 1353 679
4  238 679 1354 674
4  320 677 1354 679
4  237 664 1354 677
4  237 677 1355 663
4  320 678 1355 677
4  230 671 1355 678
4  229 670 1356 665
4  319 669 1356 670
4  237 663 1356 669
4  237 669 1357 664
4  319 667 1357 669
4  239 658 1357 667
4  239 667 1358 657
4  319 668 1358 667
4  236 529 1358 668
4  235 662 1359 536
4  318 661 1359 662
4  239 657 1359 661
4  239 661 1360 658
4  318 659 1360 661
4  240 656 1360 659
4  240 659 1361 655
4  318 660 1361 659
4  204 653 1361 660
4  116 652 1362 648
4  317 651 1362 652
4  248 645 1362 651
4  248 651 1363 646
4  317 649 1363 651
4  247 640 1363 649
4  247 649 1364 639
4  317 650 1364 649
4  241 551 1364 650
4  242 644 1365 557
4  316 643 1365 644
4  247 639 1365 643
4  247 643 1366 640
4  316 641 1366 643
4  249 634 1366 641
4  249 641 1367 633
4  316 642 1367 641
4  243 615 1367 642
4  244 638 1368 621
4  315 637 1368 638
4  249 633 1368 637
4  249 637 1369 634
4  315 635 1369 637
4  250 632 1369 635
4  250 635 1370 631
4  315 636 1370 635
4  246 477 1370 636
4  186 630 1371 625
4  314 629 1371 630
4  256 623 1371 629
4  256 629 1372 624
4  314 627 1372 629
4  255 614 1372 627
4  255 627 1373 613
4  314 628 1373 627
4  244 621 1373 628
4  243 620 1374 615
4  313 619 1374 620
4  255 613 1374 619
4  255 619 1375 614
4  313 617 1375 619
4  257 608 1375 617
4  257 617 1376 607
4  313 618 1376 617
4  252 589 1376 618
4  251 612 1377 596
4  312 611 1377 612
4  257 607 1377 611
4  257 611 1378 608
4  312 609 1378 611
4  258 606 1378 609
4  258 609 1379 605
4  312 610 1379 609
4  254 445 1379 610
4  157 604 1380 600
4  311 603 1380 604
4  262 598 1380 603
4  262 603 1381 597
4  311 601 1381 603
4  261 587 1381 601
4  261 601 1382 588
4  311 602 1382 601
4  251 596 1382 602
4  252 594 1383 589
4  310 593 1383 594
4  261 588 1383 593
4  261 593 1384 587
4  310 591 1384 593
4  263 581 1384 591
4  263 591 1385 582
4  310 592 1385 591
4  260 561 1385 592
4  259 586 1386 567
4  309 585 1386 586
4  263 582 1386 585
4  263 585 1387 581
4  309 583 1387 585
4  264 579 1387 583
4  264 583 1388 580
4  309 584 1388 583
4  227 578 1388 584
4  222 576 1389 572
4  308 575 1389 576
4  266 570 1389 575
4  266 575 1390 569
4  308 573 1390 575
4  265 559 1390 573
4  265 573 1391 560
4  308 574 1391 573
4  259 567 1391 574
4  260 566 1392 561
4  307 565 1392 566
4  265 560 1392 565
4  265 565 1393 559
4  307 563 1393 565
4  267 549 1393 563
4  267 563 1394 550
4  307 564 1394 563
4  242 557 1394 564
4  241 556 1395 551
4  306 555 1395 556
4  267 550 1395 555
4  267 555 1396 549
4  306 553 1396 555
4  268 547 1396 553
4  268 553 1397 548
4  306 554 1397 553
4  122 545 1397 554
4  198 544 1398 539
4  305 543 1398 544
4  272 537 1398 543
4  272 543 1399 538
4  305 541 1399 543
4  271 528 1399 541
4  271 541 1400 527
4  305 542 1400 541
4  235 536 1400 542
4  236 534 1401 529
4  304 533 1401 534
4  271 527 1401 533
4  271 533 1402 528
4  304 531 1402 533
4  273 518 1402 531
4  273 531 1403 517
4  304 532 1403 531
4  218 525 1403 532
4  217 524 1404 519
4  303 523 1404 524
4  273 517 1404 523
4  273 523 1405 518
4  303 521 1405 523
4  274 516 1405 521
4  274 521 1406 515
4  303 522 1406 521
4  270 414 1406 522
4  168 514 1407 509
4  302 513 1407 514
4  276 507 1407 513
4  276 513 1408 508
4  302 511 1408 513
4  275 497 1408 511
4  275 511 1409 498
4  302 512 1409 511
4  211 506 1409 512
4  212 504 1410 499
4  301 503 1410 504
4  275 498 1410 503
4  275 503 1411 497
4  301 501 1411 503
4  277 487 1411 501
4  277 501 1412 488
4  301 502 1412 501
4  194 495 1412 502
4  193 494 1413 489
4  300 493 1413 494
4  277 488 1413 493
4  277 493 1414 487
4  300 491 1414 493
4  278 485 1414 491
4  278 491 1415 486
4  300 492 1415 491
4  100 484 1415 492
4  246 482 1416 477
4  299 481 1416 482
4  280 475 1416 481
4  280 481 1417 476
4  299 479 1417 481
4  279 466 1417 479
4  279 479 1418 465
4  299 480 1418 479
4  184 473 1418 480
4  183 472 1419 468
4  298 471 1419 472
4  279 465 1419 471
4  279 471 1420 466
4  298 469 1420 471
4  281 456 1420 469
4  281 469 1421 455
4  298 470 1421 469
4  163 464 1421 470
4  164 462 1422 458
4  297 461 1422 462
4  281 455 1422 461
4  281 461 1423 456
4  297 459 1423 461
4  282 454 1423 459
4  282 459 1424 453
4  297 460 1424 459
4  111 452 1424 460
4  254 450 1425 445
4  296 449 1425 450
4  284 443 1425 449
4  284 449 1426 444
4  296 447 1426 449
4  283 433 1426 447
4  283 447 1427 434
4  296 448 1427 447
4  155 442 1427 448
4  156 440 1428 435
4  295 439 1428 440
4  283 434 1428 439
4  283 439 1429 433
4  295 437 1429 439
4  285 423 1429 437
4  285 437 1430 424
4  295 438 1430 437
4  133 431 1430 438
4  134 430 1431 425
4  294 429 1431 430
4  285 424 1431 429
4  285 429 1432 423
4  294 427 1432 429
4  286 421 1432 427
4  286 427 1433 422
4  294 428 1433 427
4  182 419 1433 428
4  270 418 1434 414
4  293 417 1434 418
4  288 411 1434 417
4  288 417 1435 412
4  293 415 1435 417
4  287 402 1435 415
4  287 415 1436 401
4  293 416 1436 415
4  124 410 1436 416
4  123 408 1437 404
4  292 407 1437 408
4  287 401 1437 407
4  287 407 1438 402
4  292 405 1438 407
4  289 392 1438 405
4  289 405 1439 391
4  292 406 1439 405
4  101 400 1439 406
4  102 398 1440 393
4  291 397 1440 398
4  289 391 1440 397
4  289 397 1441 392
4  291 395 1441 397
4  290 390 1441 395
4  290 395 1442 389
4  291 396 1442 395
4  192 387 1442 396
4  192 396 1443 388
4  291 398 1443 396
4  102 394 1443 398
4  101 406 1444 399
4  292 408 1444 406
4  123 403 1444 408
4  124 416 1445 409
4  293 418 1445 416
4  270 413 1445 418
4  182 428 1446 420
4  294 430 1446 428
4  134 426 1446 430
4  133 438 1447 432
4  295 440 1447 438
4  156 436 1447 440
4  155 448 1448 441
4  296 450 1448 448
4  254 446 1448 450
4  111 460 1449 451
4  297 462 1449 460
4  164 457 1449 462
4  163 470 1450 463
4  298 472 1450 470
4  183 467 1450 472
4  184 480 1451 474
4  299 482 1451 480
4  246 478 1451 482
4  100 492 1452 483
4  300 494 1452 492
4  193 490 1452 494
4  194 502 1453 496
4  301 504 1453 502
4  212 500 1453 504
4  211 512 1454 505
4  302 514 1454 512
4  168 510 1454 514
4  270 522 1455 413
4  303 524 1455 522
4  217 520 1455 524
4  218 532 1456 526
4  304 534 1456 532
4  236 530 1456 534
4  235 542 1457 535
4  305 544 1457 542
4  198 540 1457 544
4  122 554 1458 546
4  306 556 1458 554
4  241 552 1458 556
4  242 564 1459 558
4  307 566 1459 564
4  260 562 1459 566
4  259 574 1460 568
4  308 576 1460 574
4  222 571 1460 576
4  227 584 1461 577
4  309 586 1461 584
4  259 568 1461 586
4  260 592 1462 562
4  310 594 1462 592
4  252 590 1462 594
4  251 602 1463 595
4  311 604 1463 602
4  157 599 1463 604
4  254 610 1464 446
4  312 612 1464 610
4  251 595 1464 612
4  252 618 1465 590
4  313 620 1465 618
4  243 616 1465 620
4  244 628 1466 622
4  314 630 1466 628
4  186 626 1466 630
4  246 636 1467 478
4  315 638 1467 636
4  244 622 1467 638
4  243 642 1468 616
4  316 644 1468 642
4  242 558 1468 644
4  241 650 1469 552
4  317 652 1469 650
4  116 647 1469 652
4  204 660 1470 654
4  318 662 1470 660
4  235 535 1470 662
4  236 668 1471 530
4  319 670 1471 668
4  229 666 1471 670
4  230 678 1472 672
4  320 680 1472 678
4  148 676 1472 680
4  154 688 1473 682
4  321 690 1473 688
4  230 672 1473 690
4  229 696 1474 666
4  322 698 1474 696
4  220 694 1474 698
4  219 704 1475 700
4  323 706 1475 704
4  227 577 1475 706
4  222 712 1476 571
4  324 714 1476 712
4  219 700 1476 714
4  220 718 1477 694
4  325 720 1477 718
4  218 526 1477 720
4  217 726 1478 520
4  326 728 1478 726
4  126 723 1478 728
4  174 736 1479 730
4  327 738 1479 736
4  211 505 1479 738
4  212 744 1480 500
4  328 746 1480 744
4  206 742 1480 746
4  205 754 1481 748
4  329 756 1481 754
4  138 752 1481 756
4  144 764 1482 758
4  330 766 1482 764
4  205 748 1482 766
4  206 772 1483 742
4  331 774 1483 772
4  196 770 1483 774
4  195 780 1484 776
4  332 782 1484 780
4  204 654 1484 782
4  198 788 1485 540
4  333 790 1485 788
4  195 776 1485 790
4  196 794 1486 770
4  334 796 1486 794
4  194 496 1486 796
4  193 800 1487 490
4  335 802 1487 800
4  192 388 1487 802
4  186 808 1488 626
4  336 810 1488 808
4  184 474 1488 810
4  183 816 1489 467
4  337 818 1489 816
4  175 813 1489 818
4  176 824 1490 820
4  338 826 1490 824
4  182 420 1490 826
4  132 834 1491 828
4  339 836 1491 834
4  176 820 1491 836
4  175 842 1492 813
4  340 844 1492 842
4  165 839 1492 844
4  166 850 1493 845
4  341 852 1493 850
4  174 730 1493 852
4  168 858 1494 510
4  342 860 1494 858
4  166 845 1494 860
4  165 864 1495 839
4  343 866 1495 864
4  163 463 1495 866
4  164 872 1496 457
4  344 874 1496 872
4  105 870 1496 874
4  157 880 1497 599
4  345 882 1497 880
4  155 441 1497 882
4  156 888 1498 436
4  346 890 1498 888
4  145 886 1498 890
4  146 896 1499 892
4  347 898 1499 896
4  154 682 1499 898
4  148 904 1500 676
4  348 906 1500 904
4  146 892 1500 906
4  145 912 1501 886
4  349 914 1501 912
4  135 910 1501 914
4  136 920 1502 916
4  350 922 1502 920
4  144 758 1502 922
4  138 928 1503 752
4  351 930 1503 928
4  136 916 1503 930
4  135 934 1504 910
4  352 936 1504 934
4  133 432 1504 936
4  134 940 1505 426
4  353 942 1505 940
4  132 828 1505 942
4  126 948 1506 723
4  354 950 1506 948
4  124 409 1506 950
4  123 956 1507 403
4  355 958 1507 956
4  113 953 1507 958
4  114 964 1508 959
4  356 966 1508 964
4  122 546 1508 966
4  116 972 1509 647
4  357 974 1509 972
4  114 959 1509 974
4  113 980 1510 953
4  358 982 1510 980
4  104 977 1510 982
4  103 988 1511 983
4  359 990 1511 988
4  111 451 1511 990
4  105 996 1512 870
4  360 998 1512 996
4  103 983 1512 998
4  104 1002 1513 977
4  361 1004 1513 1002
4  101 399 1513 1004
4  102 1008 1514 394
4  362 1010 1514 1008
4  100 483 1514 1010
4  99 1016 1515 1011
4  363 1018 1515 1016
4  106 1014 1515 1018
4  112 1024 1516 1019
4  364 1026 1516 1024
4  115 1021 1516 1026
4  121 1032 1517 1028
4  365 1034 1517 1032
4  125 1029 1517 1034
4  131 1040 1518 1036
4  366 1042 1518 1040
4  137 1038 1518 1042
4  143 1048 1519 1043
4  367 1050 1519 1048
4  147 1046 1519 1050
4  153 1056 1520 1051
4  368 1058 1520 1056
4  158 1054 1520 1058
4  106 1062 1521 1014
4  369 1064 1521 1062
4  167 1060 1521 1064
4  173 1068 1522 1066
4  370 1070 1522 1068
4  131 1036 1522 1070
4  181 1076 1523 1071
4  371 1078 1523 1076
4  185 1073 1523 1078
4  191 1084 1524 1080
4  372 1086 1524 1084
4  197 1081 1524 1086
4  203 1090 1525 1088
4  373 1092 1525 1090
4  143 1043 1525 1092
4  137 1094 1526 1038
4  374 1096 1526 1094
4  173 1066 1526 1096
4  125 1100 1527 1029
4  375 1102 1527 1100
4  221 1097 1527 1102
4  228 1106 1528 1103
4  376 1108 1528 1106
4  153 1051 1528 1108
4  147 1110 1529 1046
4  377 1112 1529 1110
4  203 1088 1529 1112
4  115 1116 1530 1021
4  378 1118 1530 1116
4  245 1114 1530 1118
4  185 1122 1531 1073
4  379 1124 1531 1122
4  253 1120 1531 1124
4  158 1126 1532 1054
4  380 1128 1532 1126
4  228 1103 1532 1128
4  221 1130 1533 1097
4  381 1132 1533 1130
4  121 1028 1533 1132
4  197 1136 1534 1081
4  382 1138 1534 1136
4  269 1133 1534 1138
4  167 1140 1535 1060
4  383 1142 1535 1140
4  99 1011 1535 1142
4  245 1144 1536 1114
4  384 1146 1536 1144
4  112 1019 1536 1146
4  253 1148 1537 1120
4  385 1150 1537 1148
4  181 1071 1537 1150
4  269 1152 1538 1133
4  386 1154 1538 1152