0 0 -200 0 0
200 200 200
439
0 0 0
32 -19 -12
13 4 27
-13 4 27
32 11 -15
13 15 25
-13 15 25
-32 11 -15
22 -3 15
-22 -3 15
-22 15 12
22 15 12
0 5 32
0 -24 -11
0 19 -17
0 17 31
0 18 12
0 -5 15
0 12 -44
0 -34 -25
-34 7 -41
34 7 -41
34 -29 -28
44 -30 -73
-44 -30 -73
36 28 -79
-32 29 -79
0 -41 -72
0 9 -79
0 4 -109
0 -25 -107
-20 1 -109
20 1 -109
27 -22 -97
7 -15 -119
7 -5 -120
-7 -5 -120
0 -17 -119
0 -4 -120
0 -8 -124
40 0 -12
23 6 16
14 10 29
0 12 34
-14 10 29
-23 6 16
43 -4 -32
50 -1 -73
-50 -1 -73
31 -7 -100
10 -8 -120
8 20 7
8 22 -12
21 17 7
27 15 -10
-7 21 7
-7 22 -12
-21 18 7
-27 16 -10
-24 28 -10
-17 30 7
-12 31 -12
-9 30 7
25 29 -10
18 31 7
14 32 -13
10 31 7
-19 29 6
-25 27 -9
-28 18 -9
-23 20 6
-25 22 2
-27 21 -4
-26 26 -4
-23 27 2
20 30 6
25 28 -9
28 18 -9
23 20 6
26 22 2
28 21 -4
27 26 -4
24 27 2
66 -24 -105
70 3 -74
52 -37 -92
54 -16 -60
39 -24 -79
42 -1 -85
41 -16 -110
32 -28 -105
75 -28 -53
74 -35 -80
91 -14 -67
79 -29 -84
83 -29 -81
96 -19 -67
78 -35 -77
80 -32 -52
87 -40 -54
79 -36 -76
101 -26 -69
86 -31 -79
86 -33 -80
104 -34 -73
81 -36 -77
90 -45 -58
90 -52 -61
81 -38 -77
104 -39 -78
85 -33 -83
82 -32 -84
103 -43 -88
71 -38 -78
87 -56 -70
83 -59 -77
62 -39 -81
97 -43 -98
79 -30 -87
69 -25 -107
79 -46 -112
50 -37 -86
62 -62 -89
37 -58 -123
31 -43 -125
44 -52 -135
37 -39 -131
32 -44 -141
44 -54 -137
26 -48 -134
35 -58 -125
35 -59 -126
23 -56 -139
42 -56 -137
31 -50 -147
30 -58 -147
41 -59 -136
21 -62 -140
35 -60 -126
36 -61 -126
22 -67 -137
44 -62 -135
31 -64 -148
38 -72 -140
49 -65 -129
34 -74 -120
35 -66 -120
45 -67 -110
40 -76 -112
62 -69 -117
59 -77 -122
70 -79 -109
73 -73 -104
42 -78 -90
46 -70 -85
32 -76 -98
31 -70 -97
27 -69 -101
29 -75 -104
61 -79 -82
68 -80 -87
63 -72 -83
68 -73 -88
82 -72 -98
79 -78 -102
47 -72 -74
45 -79 -77
77 -73 -94
54 -73 -74
52 -80 -78
74 -77 -97
84 -84 -89
87 -79 -86
88 -84 -96
91 -78 -92
78 -81 -75
73 -80 -69
76 -87 -77
69 -86 -72
52 -84 -67
55 -78 -64
46 -84 -67
48 -77 -64
51 -82 -62
76 -85 -70
91 -83 -88
24 -77 -92
25 -71 -88
30 -71 -87
30 -78 -89
-30 -78 -90
-30 -72 -88
-24 -71 -89
-24 -77 -92
-90 -84 -89
-75 -86 -70
-50 -83 -62
-48 -77 -64
-46 -84 -67
-55 -79 -65
-52 -85 -68
-69 -87 -73
-75 -87 -78
-73 -80 -70
-78 -82 -75
-90 -78 -92
-88 -84 -96
-86 -79 -86
-84 -85 -90
-74 -78 -97
-51 -80 -79
-54 -74 -75
-77 -73 -94
-45 -79 -77
-47 -73 -74
-79 -78 -103
-81 -72 -99
-68 -74 -88
-62 -73 -83
-68 -80 -88
-61 -80 -83
-28 -76 -105
-27 -70 -101
-30 -70 -97
-31 -77 -99
-46 -71 -85
-41 -79 -90
-73 -73 -104
-70 -80 -109
-58 -78 -123
-62 -70 -117
-40 -77 -113
-44 -67 -110
-34 -67 -121
-34 -74 -120
-49 -66 -130
-38 -72 -140
-31 -65 -149
-44 -63 -135
-22 -68 -137
-35 -62 -127
-35 -61 -127
-21 -63 -140
-41 -60 -137
-30 -59 -148
-31 -51 -147
-42 -57 -138
-23 -57 -139
-35 -60 -127
-35 -59 -125
-25 -48 -135
-43 -54 -137
-32 -44 -141
-37 -39 -132
-44 -53 -135
-30 -44 -125
-37 -59 -123
-61 -62 -89
-50 -38 -87
-79 -47 -113
-68 -26 -107
-79 -30 -87
-97 -44 -99
-61 -39 -81
-82 -60 -77
-86 -57 -71
-71 -38 -78
-102 -44 -88
-82 -32 -85
-85 -33 -84
-104 -40 -79
-80 -39 -78
-89 -52 -62
-90 -46 -58
-81 -36 -78
-104 -34 -74
-85 -33 -80
-85 -32 -79
-101 -27 -69
-79 -36 -76
-87 -40 -55
-80 -33 -53
-77 -36 -77
-96 -20 -67
-83 -30 -82
-78 -30 -85
-90 -15 -68
-73 -35 -80
-74 -28 -54
-31 -29 -106
-41 -16 -111
-42 -2 -86
-38 -25 -79
-54 -17 -61
-52 -37 -93
-69 2 -75
-66 -25 -105
-10 -8 -120
-30 -8 -101
-7 -16 -120
-27 -22 -98
47 -16 -33
50 -12 -9
40 -31 -28
43 -23 -9
50 -40 -13
50 -49 -27
62 -26 -13
64 -30 -31
69 -39 -25
66 -35 -11
53 -49 -25
53 -42 -13
53 -43 -13
52 -50 -24
67 -44 -7
70 -49 -19
71 -67 -16
64 -58 5
40 -68 -24
42 -57 -4
44 -68 -1
43 -75 -14
58 -69 4
62 -75 -9
58 -80 0
58 -70 5
40 -78 -7
40 -71 -1
39 -72 1
37 -80 1
57 -70 9
56 -81 7
55 -81 9
56 -70 11
35 -78 3
38 -73 4
35 -72 7
33 -77 6
56 -75 19
55 -80 18
41 -73 15
46 -73 18
38 -80 13
44 -81 16
39 -72 13
50 -72 18
49 -81 16
37 -80 11
40 -82 25
34 -81 22
41 -74 26
37 -74 23
29 -82 17
32 -74 19
25 -79 12
27 -75 13
48 -83 25
49 -74 26
55 -82 26
55 -77 27
29 -73 -1
29 -74 0
28 -76 0
29 -78 -1
30 -77 -4
30 -74 -4
27 -76 -2
-27 -76 -2
-30 -74 -4
-30 -78 -4
-29 -79 -1
-28 -76 0
-29 -75 0
-29 -73 -1
-56 -78 27
-55 -83 26
-49 -75 26
-48 -84 25
-28 -75 13
-26 -80 12
-32 -75 19
-29 -83 17
-37 -74 23
-41 -74 26
-34 -82 22
-40 -82 25
-37 -80 11
-49 -81 16
-50 -73 18
-39 -72 13
-44 -81 16
-39 -81 13
-46 -73 18
-41 -73 15
-56 -81 18
-56 -75 19
-34 -77 6
-36 -73 7
-38 -73 4
-35 -79 3
-56 -71 11
-55 -82 9
-56 -81 7
-57 -71 9
-37 -80 1
-39 -72 1
-40 -72 -1
-41 -78 -7
-58 -70 5
-59 -80 0
-63 -75 -9
-59 -69 4
-43 -75 -14
-44 -68 -1
-42 -57 -4
-40 -68 -24
-64 -58 5
-71 -67 -16
-71 -50 -19
-67 -44 -7
-52 -50 -24
-54 -44 -13
-53 -42 -13
-53 -49 -25
-66 -35 -11
-69 -39 -25
-64 -30 -31
-62 -26 -13
-50 -50 -27
-51 -41 -13
-43 -23 -9
-40 -32 -28
-50 -12 -9
-48 -16 -33
-43 -4 -32
-40 0 -12
-34 -29 -28
-32 -19 -12
4 1 8 17 13 1
4 1 40 41 8 1
4 2 42 43 12 1
4 3 44 45 9 1
4 10 7 436 45 1
4 11 5 42 41 1
4 10 6 15 16 1
4 8 2 12 17 1
4 12 3 9 17 1
4 15 5 11 16 1
4 15 6 44 43 1
4 17 9 438 13 1
4 13 438 437 19 1
4 7 14 18 20 1
4 4 40 46 21 1
4 14 4 21 18 1
4 1 13 19 22 1
4 22 19 27 23 1
4 18 21 25 28 1
4 21 46 47 25 1
4 437 435 48 24 1
4 20 18 28 26 1
4 19 437 24 27 1
4 27 24 300 30 1
4 26 28 29 31 1
4 24 48 298 300 1
4 25 47 49 32 1
4 28 25 32 29 1
4 23 27 30 33 1
4 33 30 37 34 1
4 29 32 35 38 1
4 32 49 50 35 1
4 31 29 38 36 1
4 30 300 299 37 1
3 37 299 39 1
3 36 38 39 1
3 299 297 39 1
3 35 50 39 1
3 38 35 39 1
3 34 37 39 1
3 50 34 39 1
3 297 36 39 1
4 298 31 36 297 1
4 47 23 33 49 1
4 48 26 31 298 1
4 435 20 26 48 1
4 46 22 23 47 1
4 436 7 20 435 1
4 44 3 12 43 1
4 42 2 8 41 1
4 436 438 9 45 1
4 44 6 10 45 1
4 42 5 15 43 1
4 40 4 11 41 1
4 11 4 54 53 1
4 16 11 53 51 1
4 14 16 51 52 1
4 4 14 52 54 1
4 14 7 58 56 1
4 10 16 55 57 1
4 7 10 57 58 1
4 16 14 56 55 1
4 55 56 61 62 1
4 57 55 62 60 1
4 56 58 59 61 1
4 54 52 65 63 1
4 52 51 66 65 1
4 51 53 64 66 1
4 63 65 66 64 1
4 61 59 60 62 1
4 59 58 69 68 1
4 60 59 68 67 1
4 57 60 67 70 1
4 58 57 70 69 1
4 69 70 71 72 1
4 70 67 74 71 1
4 67 68 73 74 1
4 68 69 72 73 1
4 72 71 74 73 1
4 63 64 75 76 1
4 64 53 78 75 1
4 54 63 76 77 1
4 53 54 77 78 1
4 78 77 80 79 1
4 77 76 81 80 1
4 75 78 79 82 1
4 76 75 82 81 1
4 79 80 81 82 1
4 49 33 87 88 1
4 34 50 89 90 1
4 50 49 88 89 1
4 33 34 90 87 1
4 90 85 86 87 1
4 88 84 83 89 1
4 89 83 85 90 1
4 87 86 84 88 1
4 86 85 92 91 1
4 83 84 93 94 1
4 85 83 94 92 1
4 84 86 91 93 1
4 93 91 98 96 1
4 92 94 95 97 1
4 94 93 96 95 1
4 91 92 97 98 1
4 98 97 100 99 1
4 95 96 101 102 1
4 97 95 102 100 1
4 96 98 99 101 1
4 101 99 106 104 1
4 100 102 103 105 1
4 102 101 104 103 1
4 99 100 105 106 1
4 106 105 108 107 1
4 103 104 109 110 1
4 105 103 110 108 1
4 104 106 107 109 1
4 109 107 114 112 1
4 108 110 111 113 1
4 110 109 112 111 1
4 107 108 113 114 1
4 114 113 116 115 1
4 111 112 117 118 1
4 113 111 118 116 1
4 112 114 115 117 1
4 117 115 122 120 1
4 116 118 119 121 1
4 118 117 120 119 1
4 115 116 121 122 1
4 122 121 124 123 1
4 119 120 125 126 1
4 121 119 126 124 1
4 120 122 123 125 1
4 125 123 130 128 1
4 124 126 127 129 1
4 126 125 128 127 1
4 123 124 129 130 1
4 130 129 132 131 1
4 127 128 133 134 1
4 129 127 134 132 1
4 128 130 131 133 1
4 133 131 138 136 1
4 132 134 135 137 1
4 134 133 136 135 1
4 131 132 137 138 1
4 138 137 140 139 1
4 135 136 141 142 1
4 137 135 142 140 1
4 136 138 139 141 1
4 141 139 146 144 1
4 140 142 143 145 1
4 142 141 144 143 1
4 139 140 145 146 1
4 143 144 149 150 1
4 145 143 150 148 1
4 144 146 147 149 1
4 149 147 154 152 1
4 148 150 151 153 1
4 150 149 152 151 1
4 147 148 153 154 1
4 147 146 157 156 1
4 148 147 156 155 1
4 145 148 155 158 1
4 146 145 158 157 1
4 153 151 160 159 1
4 152 154 161 162 1
4 151 152 163 164 1
4 154 153 166 165 1
4 154 165 168 161 1
4 152 162 167 163 1
4 153 159 169 166 1
4 151 164 170 160 1
4 159 161 168 169 1
4 160 170 167 162 1
4 170 171 172 167 1
4 170 164 173 171 1
4 167 172 174 163 1
4 164 163 174 173 1
4 162 175 177 160 1
4 161 159 178 176 1
4 162 161 176 175 1
4 159 160 177 178 1
4 169 168 180 179 1
4 166 169 179 181 1
4 165 182 180 168 1
4 165 166 181 182 1
3 182 181 183 1
3 182 183 180 1
3 181 179 183 1
3 179 180 183 1
3 178 177 184 1
3 175 176 184 1
3 176 178 184 1
3 175 184 177 1
3 173 174 185 1
3 172 185 174 1
3 171 173 185 1
3 171 185 172 1
4 157 158 186 187 1
4 158 155 189 186 1
4 155 156 188 189 1
4 156 157 187 188 1
4 187 186 189 188 1
4 298 291 292 300 1
4 299 289 290 297 1
4 297 290 291 298 1
4 300 292 289 299 1
4 289 292 293 294 1
4 291 290 296 295 1
4 290 289 294 296 1
4 292 291 295 293 1
4 293 288 287 294 1
4 296 285 286 295 1
4 294 287 285 296 1
4 295 286 288 293 1
4 286 283 281 288 1
4 287 282 284 285 1
4 285 284 283 286 1
4 288 281 282 287 1
4 281 280 279 282 1
4 284 277 278 283 1
4 282 279 277 284 1
4 283 278 280 281 1
4 278 275 273 280 1
4 279 274 276 277 1
4 277 276 275 278 1
4 280 273 274 279 1
4 273 272 271 274 1
4 276 269 270 275 1
4 274 271 269 276 1
4 275 270 272 273 1
4 270 267 265 272 1
4 271 266 268 269 1
4 269 268 267 270 1
4 272 265 266 271 1
4 265 264 263 266 1
4 268 261 262 267 1
4 266 263 261 268 1
4 267 262 264 265 1
4 262 259 257 264 1
4 263 258 260 261 1
4 261 260 259 262 1
4 264 257 258 263 1
4 257 256 255 258 1
4 260 253 254 259 1
4 258 255 253 260 1
4 259 254 256 257 1
4 254 251 249 256 1
4 255 250 252 253 1
4 253 252 251 254 1
4 256 249 250 255 1
4 249 248 247 250 1
4 252 245 246 251 1
4 250 247 245 252 1
4 251 246 248 249 1
4 246 243 241 248 1
4 247 242 244 245 1
4 245 244 243 246 1
4 248 241 242 247 1
4 241 240 239 242 1
4 244 237 238 243 1
4 242 239 237 244 1
4 243 238 240 241 1
4 238 235 233 240 1
4 239 234 236 237 1
4 237 236 235 238 1
4 240 233 234 239 1
4 236 229 230 235 1
4 234 231 229 236 1
4 235 230 232 233 1
4 230 227 225 232 1
4 231 226 228 229 1
4 229 228 227 230 1
4 232 225 226 231 1
4 232 223 222 233 1
4 231 224 223 232 1
4 234 221 224 231 1
4 233 222 221 234 1
4 226 220 219 228 1
4 227 217 218 225 1
4 228 215 216 227 1
4 225 214 213 226 1
4 225 218 211 214 1
4 227 216 212 217 1
4 226 213 210 220 1
4 228 219 209 215 1
4 220 210 211 218 1
4 219 217 212 209 1
4 209 212 207 208 1
4 209 208 206 215 1
4 212 216 205 207 1
4 215 206 205 216 1
4 217 219 202 204 1
4 218 203 201 220 1
4 217 204 203 218 1
4 220 201 202 219 1
4 210 200 199 211 1
4 213 198 200 210 1
4 214 211 199 197 1
4 214 197 198 213 1
3 197 196 198 1
3 197 199 196 1
3 198 196 200 1
3 200 196 199 1
3 201 195 202 1
3 204 195 203 1
3 203 195 201 1
3 204 202 195 1
3 206 194 205 1
3 207 205 194 1
3 208 194 206 1
3 208 207 194 1
4 222 192 193 221 1
4 221 193 190 224 1
4 224 190 191 223 1
4 223 191 192 222 1
4 192 191 190 193 1
4 22 46 301 303 1
4 1 22 303 304 1
4 46 40 302 301 1
4 40 1 304 302 1
4 302 304 305 307 1
4 301 302 307 308 1
4 304 303 306 305 1
4 303 301 308 306 1
4 306 308 309 311 1
4 305 306 311 312 1
4 308 307 310 309 1
4 307 305 312 310 1
4 310 312 313 315 1
4 309 310 315 316 1
4 312 311 314 313 1
4 311 309 316 314 1
4 314 316 317 319 1
4 313 314 319 320 1
4 316 315 318 317 1
4 315 313 320 318 1
4 318 320 321 323 1
4 317 318 323 324 1
4 320 319 322 321 1
4 319 317 324 322 1
4 322 324 325 327 1
4 321 322 327 328 1
4 324 323 326 325 1
4 323 321 328 326 1
4 326 328 329 331 1
4 325 326 331 332 1
4 327 325 332 330 1
4 330 332 333 335 1
4 332 331 334 333 1
4 331 329 336 334 1
4 336 335 338 337 1
4 333 334 339 340 1
4 334 336 341 342 1
4 335 333 344 343 1
4 336 337 345 341 1
4 334 342 346 339 1
4 335 343 348 338 1
4 333 340 347 344 1
4 342 344 347 346 1
4 341 345 348 343 1
4 341 343 350 352 1
4 344 342 351 349 1
4 343 344 349 350 1
4 342 341 352 351 1
4 352 350 349 351 1
4 348 345 354 353 1
4 348 353 355 338 1
4 337 356 354 345 1
4 337 338 355 356 1
4 353 354 356 355 1
4 347 357 358 346 1
4 347 340 359 357 1
4 339 346 358 360 1
4 340 339 360 359 1
4 357 359 360 358 1
4 336 329 361 362 1
4 335 336 362 363 1
4 330 335 363 364 1
4 327 330 364 365 1
4 329 328 366 361 1
4 328 327 365 366 1
3 361 367 362 1
3 362 367 363 1
3 363 367 364 1
3 364 367 365 1
3 366 367 361 1
3 365 367 366 1
4 437 432 434 435 1
4 438 431 432 437 1
4 435 434 433 436 1
4 436 433 431 438 1
4 433 428 430 431 1
4 434 427 428 433 1
4 431 430 429 432 1
4 432 429 427 434 1
4 429 424 426 427 1
4 430 423 424 429 1
4 427 426 425 428 1
4 428 425 423 430 1
4 425 420 422 423 1
4 426 419 420 425 1
4 423 422 421 424 1
4 424 421 419 426 1
4 421 416 418 419 1
4 422 415 416 421 1
4 419 418 417 420 1
4 420 417 415 422 1
4 417 412 414 415 1
4 418 411 412 417 1
4 415 414 413 416 1
4 416 413 411 418 1
4 413 408 410 411 1
4 414 407 408 413 1
4 411 410 409 412 1
4 412 409 407 414 1
4 409 404 406 407 1
4 410 403 404 409 1
4 408 405 403 410 1
4 405 400 402 403 1
4 403 402 401 404 1
4 404 401 399 406 1
4 399 398 397 400 1
4 402 395 396 401 1
4 401 393 394 399 1
4 400 392 391 402 1
4 399 394 390 398 1
4 401 396 389 393 1
4 400 397 387 392 1
4 402 391 388 395 1
4 393 389 388 391 1
4 394 392 387 390 1
4 394 383 385 392 1
4 391 386 384 393 1
4 392 385 386 391 1
4 393 384 383 394 1
4 383 384 386 385 1
4 387 382 381 390 1
4 387 397 380 382 1
4 398 390 381 379 1
4 398 379 380 397 1
4 382 380 379 381 1
4 388 389 377 378 1
4 388 378 376 395 1
4 396 375 377 389 1
4 395 376 375 396 1
4 378 377 375 376 1
4 399 373 374 406 1
4 400 372 373 399 1
4 405 371 372 400 1
4 408 370 371 405 1
4 406 374 369 407 1
4 407 369 370 408 1
3 374 373 368 1
3 373 372 368 1
3 372 371 368 1
3 371 370 368 1
3 369 374 368 1